460.39 54.642
460.39 54.642
448.83 56.442
448.83 56.442
448.83 56.442
448.83 56.442
441.15 57.638
441.15 57.638
441.15 57.638
441.15 57.638
441.15 57.638
433.96 38.673
442.09 86.053
402.28 -10.344
418.31 51.295
418.31 51.295
418.31 51.295
425.17 106.58
428.46 123.36
417.81 133.23
400.15 118.92
400.15 118.92
387 94.324
387 94.324
387 94.324
387 94.324
387 94.324
375.33 77.488
375.33 77.488
375.33 77.488
359.33 89.312
359.33 89.312
343.04 91.788
343.04 91.788
343.04 91.788
335.67 110.96
335.67 110.96
335.67 110.96
323.37 112.78
323.37 112.78
323.37 112.78
323.37 112.78
312.88 114.34
312.88 114.34
312.88 114.50
308.72 123.65
308.72 123.65
295.49 116.92
295.49 116.92
285.11 118.46
285.11 118.46
285.11 118.46
285.11 118.46
273.34 111.38
273.34 111.38
273.34 111.38
268.14 112.17
256.14 104.99
256.14 104.99
256.14 104.99
243.98 106.84
243.98 106.84
226.26 91.095
226.26 91.095
263.25 178.45
256.88 179.32
256.88 179.32
256.88 179.32
209.14 103.05
209.14 103.05
192.46 86.896
192.46 86.896
192.46 86.896
192.46 86.896
192.46 86.896
187.21 87.725
187.21 87.725
187.21 87.725
187.21 87.725
187.21 87.725
187.21 87.725
187.21 87.725
187.21 87.725
165.35 61.644
165.35 61.644
165.35 61.644
165.35 61.644
165.35 61.644
165.35 61.644
165.35 61.644
165.35 61.644
165.35 61.644
156.39 63.111
151.74 53.599
151.74 53.599
151.74 53.599
151.74 53.599
151.74 53.599
151.74 53.599
151.74 53.599
151.74 53.599
151.74 53.599
151.74 53.599
151.74 53.599
151.74 53.599
142.72 55.094
142.72 55.094
142.72 55.094
142.72 55.094
130.16 57.178
130.16 57.178
130.16 57.178
130.16 57.178
130.16 57.178
130.16 57.178
130.16 57.178
130.16 57.178
130.16 57.178
130.16 57.178
130.16 57.178
130.16 57.178
130.16 57.178
130.16 57.178
130.16 57.178
130.16 57.178
130.16 57.178
130.16 57.178
130.16 57.178
150.42 121.05
154.73 129.19
154.73 129.19
154.73 129.19
154.73 129.19
154.73 129.19
154.73 129.19
154.73 129.19
154.73 129.19
154.73 129.19
154.73 129.19
154.73 129.19
154.73 129.19
154.73 129.19
154.73 129.19
154.73 129.19
160.62 128.87
164.67 127.7
168.82 135.71
168.82 135.71
181.34 125.2
181.34 125.2
181.34 125.2
181.34 125.2
181.34 125.2
181.34 125.2
181.34 125.2
181.34 125.2
181.34 125.2
181.34 125.2
183.01 124.94
199.12 139.72
199.12 139.72
202.87 147.5
202.87 147.5
202.87 147.5
247.38 173.02
250.54 180.19
250.54 180.19
250.54 180.19
250.54 180.19
250.54 180.19
206.54 84.676
206.54 84.676
206.54 84.676
206.54 84.676
206.54 84.676
206.54 84.676
206.54 84.676
206.54 84.676
206.54 84.676
245.75 141.29
245.75 141.29
245.75 141.29
245.75 141.29
245.75 141.29
262.27 147.16
262.27 147.16
262.27 147.16
262.27 147.16
262.27 147.16
291.2 189.51
291.2 189.51
276.92 153.18
276.92 153.18
276.92 153.18
329.35 226.14
324.74 213.33
329.35 226.14
340.21 256.28
340.21 256.28
340.21 256.28
335.97 244.53
321.53 199.87
321.53 199.87
319.09 193.05
319.09 193.05
326.28 213.14
326.28 213.14
326.28 213.14
348.2 230.31
348.2 230.31
348.2 230.31
348.2 230.31
348.2 230.31
354.21 209.56
354.21 209.56
354.21 209.56
354.21 209.56
354.21 209.56
354.21 209.56
366.72 207.95
366.72 207.95
366.72 207.95
362.85 172.45
362.85 172.45
362.85 172.45
362.85 172.45
371.07 171.33
371.07 171.33
371.07 171.33
396.06 175.48
396.06 175.48
396.06 175.48
396.06 175.48
396.06 175.48
407.62 173.93
407.62 173.93
407.62 173.93
407.62 173.93
407.62 173.93
407.62 173.93
407.62 173.93
419.29 164.81
419.29 164.81
419.29 164.81
419.29 164.81
421.13 148.98
421.13 148.98
431.07 163.21
434.23 170.37
434.23 170.37
434.23 170.37
434.23 170.37
440.93 169.47
440.93 169.47
440.93 169.47
440.93 169.47
453.08 160.23
453.08 160.23
479.29 207.32
479.29 207.32
479.29 207.32
493.81 205.5
493.81 205.5
493.81 205.5
493.81 205.5
493.81 205.5
492.93 198.75
492.93 198.75
492.93 198.75
492.93 198.75
492.93 198.75
499.47 197.93
499.47 197.93
499.47 197.93
513.54 189.13
513.54 189.13
513.54 189.13
513.54 189.13
513.54 189.13
513.54 189.13
513.54 189.13
513.54 189.13
513.54 189.13
513.54 189.13
513.54 189.13
514.92 202.85
514.92 202.85
516.26 216.07
516.26 216.07
517.55 228.84
517.55 228.84
517.55 228.84
517.55 228.84
517.55 228.84
517.55 228.84
518.18 235.06
518.18 235.06
518.18 235.06
518.18 235.06
518.18 235.06
518.18 235.06
518.18 235.06
517.87 247.36
517.87 247.36
512.61 241.9
513.92 253.8
503.53 204.28
503.53 204.28
501.91 204.48
490.4 192.1
492.33 219.01
492.33 219.01
492.33 219.01
482.82 220.18
482.82 220.18
482.82 220.18
475.93 227.5
475.93 227.5
476.92 233.73
476.92 233.73
468.68 240.96
468.68 240.96
468.68 240.96
467.15 241.14
467.15 241.14
467.15 241.14
467.15 241.14
467.15 241.14
467.15 241.14
456.45 242.42
444.85 231.28
444.85 231.28
432.87 219.79
432.87 219.79
432.87 219.79
426.62 220.57
428.04 226.92
433.32 257.24
433.32 257.24
433.32 257.24
433.32 257.24
417.11 247.11
417.11 247.11
417.11 247.11
417.11 247.11
401.95 236.5
401.95 236.5
384.8 225.76
384.8 225.76
384.8 225.76
384.8 225.76
384.8 225.76
391.71 250.14
391.71 250.14
391.71 250.14
391.71 250.14
391.71 250.14
397 284.26
397 284.26
397 284.26
374.27 258.23
374.27 258.23
374.27 258.23
359.67 259.95
371.24 323.38
371.24 323.38
372.87 328.06
372.87 328.06
372.87 328.06
366.18 308.9
366.18 308.9
366.18 308.9
371.24 323.38
371.24 323.38
367.27 323.79
367.27 323.79
367.27 323.79
363.3 324.21
357.14 329.7
357.14 329.7
358.74 361.42
358.74 361.42
363.87 329.01
363.87 329.01
363.87 329.01
359.35 334.17
359.35 334.17
359.35 334.17
356.82 334.42
350.31 337.97
351.65 344.45
351.65 344.45
351.65 344.45
341.08 342.61
340.35 346.86
336.73 347.21
340.36 356.81
343.55 364.01
343.55 364.01
343.12 363.99
340.85 364.19
343.18 377.15
343.18 377.15
345.94 388.22
345.58 387.62
346.59 391.17
341.57 394.58
341.57 394.58
341.57 394.58
341.57 394.58
344.25 407.6
339.78 407.99
326.48 400.05
326.48 400.05
326.48 400.05
324.26 400.2
324.26 400.2
324.26 400.2
324.26 400.2
324.26 400.2
324.26 400.2
321.77 398.85
321.77 398.85
308.23 404.83
308.23 404.83
305.4 405.09
300.68 405.01
300.68 405.01
300.68 405.01
301.66 406.78
301.66 406.78
301.66 406.78
301.66 406.78
301.66 406.78
301.66 406.78
301.66 406.78
307.31 416.94
307.31 416.94
307.31 416.94
296.35 401.34
296.9 401.29
296.9 401.29
296.9 401.29
296.9 401.29
296.9 401.29
296.9 401.29
296.9 401.29
297.22 402.52
297.22 402.52
296.68 402.56
296.68 402.56
296.68 402.56
296.68 402.56
296.68 402.56
296.68 402.56
293.77 386.49
293.77 386.49
293.77 386.49
293.77 386.49
297.78 386.58
306.78 387.67
319.49 402.76
319.49 402.76
319.49 402.76
322.35 404.05
322.35 404.05
326.62 407.04
330 408.36
330 408.36
333.91 409.69
333.91 409.69
333.91 409.69
333.91 409.69
333.91 409.69
333.91 409.69
339.27 412.32
349.92 433.06
358.85 440.37
358.85 440.37
358.85 440.37
358.85 440.37
358.16 438.86
358.16 438.86
358.16 438.86
358.67 440.35
358.67 440.35
368.98 449.39
375.42 451.86
375.42 451.86
375.42 451.86
375.42 451.86
375.42 451.86
375.42 451.86
375.42 451.86
381.91 458.7
381.91 458.7
381.91 458.7
382.75 466.79
386.62 468.37
386.46 475.99
386.46 475.99
396.51 489
399.42 505.8
398.47 503.75
398.47 503.75
398.47 503.75
399.14 505.45
399.96 503.24
405.75 519.45
405.75 519.45
405.75 519.45
405.75 519.45
405.75 519.45
405.75 519.45
405.3 519.48
401.45 523.61
401.93 524.64
401.6 527.78
401.6 527.78
401.11 539.82
401.11 539.82
401.11 539.82
401.11 539.82
400.75 541.87
400.75 541.87
400.75 541.87
400.75 541.87
403.35 552.57
406 570.7
406.42 571.5
409.2 576.95
406.18 577.1
405.53 577.11
405.53 577.11
405.53 577.11
405.53 577.11
408.15 558.22
408.15 558.22
408.15 558.22
421.7 615.69
420.29 615.74
420.29 615.74
420.29 615.74
420.29 615.74
420.29 615.74
420.29 615.74
420.29 615.74
419.02 637.36
419.02 637.36
419.02 637.36
419.02 637.36
419.02 637.36
414.67 637.53
399.6 627.15
397.92 621.83
397.92 621.83
415.84 678.54
415.84 678.54
415.84 678.54
415.84 678.54
415.84 678.54
415.84 678.54
417.78 684.68
417.78 684.68
417.78 684.68
417.78 684.68
417.78 684.68
423.93 684.36
423.93 684.36
423.93 684.36
423.93 684.36
423.93 684.36
423.93 684.36
423.93 684.36
423.93 684.36
443.83 715.83
443.83 715.83
443.83 715.83
430.7 726.29
430.7 726.29
430.7 726.29
440.42 718.91
440.42 718.91
454.8 708.34
454.8 708.34
454.8 708.34
458.76 708.1
471.24 714.93
472.12 714.98
477.42 715.28
481.39 715.03
484.04 715.18
484.04 715.18
484.04 715.18
491.11 715.58
493.49 715.43
493.49 715.43
497.63 722.21
497.63 722.21
513.77 734.56
509.76 740.97
509.76 740.97
507.08 733.87
515.22 744.3
515.22 744.3
524.29 751.86
524.29 751.86
519.03 733.86
522.44 733.86
522.44 733.86
522.44 733.86
529.71 734.28
548.14 763.39
548.14 763.39
553.6 763.7
553.6 763.7
562.32 763.62
562.32 763.62
583.95 764.34
583.95 764.34
583.95 764.34
562.12 788.37
567.92 791.9
567.92 791.9
581.53 792.71
571.82 792.07
570.11 788.27
577.15 775.44
580.04 771.35
581.93 771.46
592.87 778.62
592.87 778.62
592.87 778.62
593.84 791.69
597.87 787.52
602.67 783.38
602.67 783.38
608.11 770.93
608.11 770.93
613.98 774.42
613.98 774.42
613.98 774.42
614 770.71
612.18 766.96
615.12 762.91
617.94 763.07
617.94 763.07
619.81 763.18
619.81 763.18
619.81 763.18
623.79 759.38
616.77 745.48
619.59 745.65
631.26 759.19
634.08 759.36
634.08 759.36
645.12 759.28
645.12 759.28
658.42 773.52
658.42 773.52
652.43 762.45
660.69 759.1
660.69 759.1
666.33 759.43
666.33 759.43
666.33 759.43
666.33 759.43
674.97 751.72
674.97 751.72
687.28 728.67
687.28 728.67
727.34 647.34
727.34 647.34
727.88 660.16
730.09 653.83
708.56 700.1
706.03 707.21
706.03 707.21
711.05 693.11
711.05 693.11
751.57 601.36
739.75 635.63
739.75 635.63
739.75 635.63
729 666.78
729 666.78
729 666.78
729 666.78
740.93 641.84
740.93 641.84
740.93 641.84
740.93 641.84
744.19 642.02
744.19 642.02
746.22 635.99
746.22 635.99
720.85 700.8
720.85 700.8
720.85 700.8
727.88 680.16
727.88 680.16
727.88 680.16
765.33 570.21
765.33 570.21
762.89 591.02
762.89 591.02
768.08 575.48
768.08 575.48
768.08 575.48
768.08 575.48
771.06 575.64
771.06 575.64
771.06 575.64
765.24 607.7
765.24 607.7
765.24 607.7
765.24 607.7
769.91 607.96
775.07 591.68
778.12 591.85
778.12 591.85
778.12 591.85
778.12 591.85
782.69 592.09
782.69 592.09
782.69 592.09
782.69 592.09
782.69 592.09
787.45 576.52
787.45 576.52
787.45 576.52
787.45 576.52
787.45 576.52
787.45 576.52
787.45 576.52
787.45 576.52
787.45 576.52
787.45 576.52
787.45 576.52
787.45 576.52
787.45 576.52
787.45 576.52
787.45 576.52
787.45 576.52
787.45 576.52
792.01 561.61
792.01 561.61
797.8 542.69
797.8 542.69
797.8 542.69
797.8 542.69
794.98 547.03
794.98 547.03
794.98 547.03
794.98 547.03
794.98 547.03
794.98 547.03
794.98 547.03
794.97 544.71
794.97 544.71
800.3 511.35
800.3 511.35
801.7 500.53
798.48 507.29
797.83 507.26
797.83 507.26
797.83 507.26
795.24 511.11
794.72 512.2
794.72 512.2
794.32 507.93
793.02 495.28
793.02 495.28
793.02 495.28
793.02 495.28
791.7 495.21
791.7 495.21
791.7 495.21
788.41 495.04
788.41 495.04
789.09 493.07
789.17 485.32
789.17 485.32
789.17 485.32
788.14 482.91
788.14 482.91
788.69 481.62
783.97 471.84
783.98 470.48
781.18 466.51
781.18 466.51
781.18 466.51
781.18 466.51
784.5 435.68
784.49 434.14
784.49 434.14
781.56 432.39
781.56 432.39
781.56 432.39
781.56 432.39
774.37 426.07
774.37 426.07
774.42 424.49
771.9 421.4
768.53 416.36
766.5 411.37
766.5 411.37
766.5 411.37
766.5 411.37
761.04 401.16
761.04 401.16
757.73 399.49
758.3 397.59
754.64 389.28
742.93 402.54
743.59 401.2
743.59 401.2
744.06 399.48
744.06 399.48
743.13 402.9
743.13 402.9
744.46 395.93
744.46 395.93
743.8 397.28
742.17 397.2
739.68 382.73
739.68 382.73
736.95 382.6
736.95 382.6
733.1 368.03
733.1 368.03
733.1 368.03
731.35 360.07
731.35 360.07
731.35 360.07
729.23 356.21
729.23 356.21
729.23 356.21
726.16 352.42
721.42 352.86
720.74 352.92
718.49 339.83
718.49 339.83
715.97 341.2
709.33 339.25
709.33 339.25
710.56 325.65
708.29 314.6
708.68 312.2
704.4 323.45
704.4 323.45
702.18 322.25
702.18 322.25
698.37 324.26
697.89 324.24
696.88 322
695.67 320.86
691.74 318.87
688.14 319.78
688.14 319.78
684.21 315.45
675.6 316.31
675.6 316.31
665.59 317.32
665.59 317.32
653.76 293.66
653.76 293.66
653.76 293.66
639.8 284.66
639.8 284.66
639.8 284.66
639.8 284.66
639.8 284.66
639.8 284.66
639.8 284.66
639.8 284.66
639.8 284.66
639.8 284.66
639.8 284.66
639.03 295.21
630.23 296.13
630.23 296.13
630.23 296.13
629.12 263.88
629.12 263.88
629.12 263.88
629.12 263.88
616.87 265.24
616.87 265.24
606.32 260.73
606.32 260.73
606.32 260.73
606.32 260.73
606.32 260.73
606.32 260.73
606.58 249.05
606.19 266.43
604.44 277.71
604.44 277.71
604.44 277.71
604.44 277.71
591 284.58
591 284.58
591 284.58
591 284.58
591 284.58
576.28 286.17
564.55 287.44
564.55 287.44
564.55 287.44
564.55 287.44
564.55 287.44
564.55 287.44
564.34 282.09
564.96 297.88
556.34 298.79
556.34 298.79
556.34 298.79
556.34 298.79
540.46 279.27
540.46 279.27
540.46 279.27
540.46 279.27
525.67 264.11
525.67 264.11
524.17 264.28
524.17 264.28
524.17 264.28
524.17 264.28
515.19 265.3
515.19 265.3
515.19 265.3
515.19 265.3
515.19 265.3
504.03 260.8
504.03 260.8
488.42 268.33
488.42 268.33
488.42 268.33
488.42 268.33
476.61 269.67
476.61 269.67
476.61 269.67
443.22 267.77
443.22 267.77
449.4 261.26
449.4 261.26
449.4 261.26
449.4 261.26
449.4 261.26
449.4 261.26
449.4 261.26
449.4 261.26
421.7 240.39
421.7 240.39
421.7 240.39
412.61 241.48
412.61 241.48
412.61 241.48
412.61 241.48
404.37 304.76
404.37 304.76
404.37 304.76
396 300.47
396 300.47
396 300.47
396 300.47
396 300.47
396 300.47
396 300.47
396 300.47
386.14 296.28
384.75 296.43
384.75 296.43
384.75 296.43
384.75 296.43
383.37 296.58
383.37 296.58
365.04 293.27
365.04 293.27
365.04 293.27
365.04 293.27
365.04 293.27
355.81 283.38
355.81 283.38
355.81 283.38
338.57 268.32
322.01 252.39
322.01 252.39
322.01 252.39
305.49 260.42
305.49 260.42
305.49 260.42
305.49 260.42
305.49 260.42
295.46 261.61
322.4 270.64
322.4 270.64
322.4 270.64
313.22 267.15
313.22 267.15
313.22 267.15
303.36 264.42
302.13 261.56
302.13 261.56
298.51 262.12
291.32 262.98
291.32 262.98
283.54 260.87
283.54 260.87
283.54 260.87
257.54 250.72
257.54 250.72
257.54 250.72
257.54 250.72
249.93 249.6
261.63 272.23
261.63 272.23
254 275.54
254 275.54
254 275.54
254 275.54
250.68 281.6
250.68 281.6
250.68 281.6
250.68 281.6
250.68 281.6
250.68 281.6
250.68 281.6
250.68 281.6
250.68 281.6
250 281.68
250 281.68
250 281.68
256.08 301.7
256.08 301.7
256.08 301.7
249.57 294.59
249.57 294.59
249.57 294.59
249.57 294.59
249.76 295.45
249.76 295.45
249.76 295.45
249.76 295.45
249.76 295.45
249.76 295.45
249.76 295.45
250.53 298.94
262.88 322.33
262.88 322.33
262.88 322.33
262.88 322.33
262.88 322.33
273.8 337.39
273.8 337.39
273.8 337.39
273.8 337.39
280.73 341.04
285.06 350.11
285.06 350.11
285.06 350.11
292.3 351.33
292.56 352.36
292.3 351.33
292.3 351.33
299.3 356.75
299.6 357.83
299.6 357.83
299.6 357.83
299.6 357.83
299.6 357.83
299.6 357.83
299.6 357.83
309.89 367
309.89 367
309.89 367
309.89 367
319.37 380.15
319.37 380.15
319.37 380.15
318.79 380.21
318.79 380.21
317.94 388.89
316.22 389.05
318.02 392.65
319.73 392.5
333.07 402.07
333.83 403.72
333.83 403.72
336.22 411.35
336.22 411.35
340.06 411.02
340.06 411.02
340.06 411.02
346.13 410.51
346.13 410.51
346.13 410.51
349.38 408
349.38 408
355.33 410.68
355.33 410.68
358.88 410.75
365.41 418.85
365.41 418.85
372.88 424.68
372.88 424.68
382.34 430.35
382.34 430.35
382.34 430.35
391.69 430.49
391.69 430.49
393.83 430.32
393.83 430.32
393.83 430.32
393.27 428.94
401.79 433.06
401.79 433.06
401.79 433.06
415.84 449.51
415.84 449.51
415.84 449.51
417.99 450.91
417.99 450.91
417.99 450.91
425.37 454.92
425.37 454.92
425.37 454.92
433.13 457.29
432.69 455.84
432.69 455.84
432.69 455.84
432.69 455.84
432.69 455.84
439.34 452.78
439.34 452.78
443.6 452.81
462.31 469.35
462.31 469.35
462.31 469.35
462.31 469.35
469.4 478.53
469.4 478.53
469.4 478.53
482.47 482.05
482.47 482.05
482.47 482.05
485.29 491.07
488.12 503.44
488.12 503.44
488.12 503.44
488.12 503.44
488.12 503.44
488.12 503.44
488.12 503.44
494.52 510.22
494.52 510.22
494.52 510.22
494.52 510.22
510.07 520.76
510.07 520.76
510.07 520.76
510.07 520.76
521.33 520.03
521.33 520.03
521.33 520.03
521.33 520.03
521.33 520.03
521.33 520.03
521.33 520.03
521.33 520.03
538.06 532.13
538.06 532.13
538.06 532.13
538.06 532.13
538.06 532.13
538.06 532.13
538.06 532.13
538.06 532.13
552.85 551.54
552.85 551.54
558.63 567.89
558.63 567.89
558.63 567.89
558.63 567.89
558.63 567.89
558.63 567.89
558.63 567.89
559.76 571.35
559.76 571.35
567.91 581.12
570.57 560.69
570.57 560.69
577.71 568.26
577.71 568.26
589.11 565.3
592.31 566.17
597.44 563.66
597.44 563.66
602.38 563.16
602.38 563.16
606.52 561.07
606.52 561.07
608.26 569.45
608.26 569.45
608.26 569.45
612.48 567.26
618.75 563.78
619.16 563.76
624.9 563.47
629.5 556.52
631.64 556.63
631.64 556.63
632.93 556.56
641.87 552.32
643.63 557.13
643.75 556.25
649.5 555.06
652.87 552.86
652.87 552.86
652.87 552.86
652.87 552.86
655.74 553.59
655.31 553.61
659.13 551.62
664.31 545.78
664.31 545.78
674.57 536.39
674.57 536.39
676.56 532.1
676.56 532.1
681.67 527.77
681.67 527.77
694.89 524
696.61 526.31
696.61 526.31
696.61 526.31
697.7 521.9
697.7 521.9
697.7 521.9
701.99 511.31
701.99 511.31
701.99 511.31
705.24 498.17
705.24 498.17
705.24 498.17
705.24 498.17
705.24 498.17
707.38 478.66
707.38 478.66
707.38 478.66
707.38 478.66
707.38 478.66
707.38 478.66
707.38 478.66
704.52 476.68
705.77 476.75
705.77 476.75
705.77 476.75
705.77 476.75
705.77 476.75
705.77 476.75
704.18 474.86
704.18 474.86
704.18 474.86
701.63 465.11
701.63 465.11
716.88 432.78
716.5 399.81
716.5 399.81
701.99 416.81
697.73 417.16
693.45 424.16
690.55 424.01
689.96 424.06
689.96 424.06
689.96 424.06
686.16 425.46
683.5 424.04
683.5 424.04
680 423.86
680 423.86
680 423.86
679.6 417.61
679.6 417.61
681.58 401.99
681.58 401.99
681.58 401.99
680.47 401.93
680.47 401.93
679.44 392.83
698.03 363.35
697.39 363.4
692.86 359.92
692.86 359.92
692.86 359.92
692.86 359.92
692.86 359.92
681.66 351.84
681.66 351.84
678.69 343.71
660.43 349.68
660.43 349.68
648.61 333.04
648.61 333.04
636.49 329.64
636.49 329.64
636.84 324.94
636.84 324.94
636.84 324.94
636.84 324.94
636.84 324.94
628.73 321.02
628.73 321.02
628.73 321.02
627.32 321.16
627.32 321.16
627.32 321.16
627.6 316.34
627.6 316.34
627.6 316.34
627.6 316.34
612.72 297.97
612.72 297.97
612.72 297.97
589.47 251.01
589.47 251.01
589.47 251.01
589.47 251.01
589.47 251.01
589.46 245.06
589.46 245.06
566.21 292.54
566.21 292.54
566.21 292.54
566.21 292.54
566.21 292.54
557.51 293.48
524.42 158.3
532.85 220.57
532.85 220.57
532.85 220.57
532.85 220.57
532.85 220.57
532.85 220.57
532.85 220.57
532.85 220.57
532.85 220.57
532.85 220.57
532.85 220.57
532.85 220.57
532.85 220.57
532.85 220.57
532.85 220.57
507.03 175.58
507.03 175.58
500.29 176.46
500.29 176.46
491.62 225.59
491.62 225.59
491.62 225.59
491.62 225.59
491.62 225.59
491.62 225.59
491.62 225.59
491.62 225.59
491.62 225.59
489.86 212.72
489.86 212.72
489.86 212.72
489.86 212.72
489.86 212.72
489.86 212.72
475.77 172.31
475.77 172.31
475.77 172.31
475.77 172.31
475.77 172.31
475.77 172.31
475.77 172.31
475.77 172.31
475.77 172.31
475.77 172.31
474.68 164.96
474.68 164.96
474.68 164.96
474.68 164.96
474.68 164.96
474.68 164.96
474.68 164.96
474.68 164.96
474.68 164.96
474.68 164.96
474.68 164.96
474.68 164.96
474.68 164.96
474.68 164.96
474.68 164.96
461.04 110.1
468.94 126
468.94 126
468.94 126
468.94 126
489.61 131.37
489.61 131.37
489.61 131.37
496.73 130.37
496.73 130.37
495.79 122.19
495.79 122.19
495.79 122.19
495.79 122.19
503.94 112.55
503.94 112.55
503.94 112.55
503.94 112.55
503.94 112.55
518.57 110.45
518.57 110.45
518.57 110.45
518.57 110.45
518.57 110.45
533.28 108.35
533.28 108.35
533.28 108.35
533.28 108.35
536.05 149.01
538.04 124.59
537.51 116.29
537.51 116.29
537.51 116.29
537.51 116.29
537.51 116.29
537.51 116.29
537.51 116.29
549.52 97.279
549.52 97.279
549.52 97.279
566.2 85.908
566.2 85.908
566.2 85.908
579.58 83.946
579.58 83.946
596.64 116.39
596.64 116.39
596.64 116.39
596.64 116.39
596.64 116.39
605.76 123.43
605.76 123.43
605.76 123.43
605.76 123.43
605.76 123.43
621.12 104.45
621.12 104.45
621.12 104.45
628.69 103.38
628.69 103.38
628.69 103.38
628.69 103.38
627.93 120.36
640.94 118.56
640.94 118.56
640.94 118.56
652.15 117.01
652.15 117.01
652.15 117.01
652.15 117.01
660.59 147.84
660.59 147.84
660.59 147.84
660.59 147.84
679.29 228.5
688.61 166.69
688.61 166.69
688.61 166.69
694.31 135.56
694.31 135.56
694.31 135.56
694.31 135.56
694.31 135.56
694.31 135.56
705.41 134.08
705.41 134.08
705.41 134.08
714.75 155.93
714.75 155.93
714.75 155.93
714.75 155.93
724.85 169.34
724.85 169.34
724.85 169.34
724.85 169.34
724.85 169.34
724.85 169.34
724.85 169.34
744.86 173.99
744.86 173.99
744.86 173.99
744.86 173.99
744.86 173.99
744.86 173.99
744.86 173.99
758.38 206.42
758.38 206.42
758.38 206.42
758.38 206.42
758.38 206.42
758.38 206.42
758.38 206.42
756.89 213.07
756.89 213.07
756.89 213.07
767.07 211.87
779 210.46
779 210.46
779 210.46
782.37 246.82
782.37 246.82
782.37 246.82
793.87 239.66
793.87 239.66
793.87 239.66
793.87 239.66
793.87 239.66
793.87 239.66
793.87 239.66
791.15 240.25
791.15 240.25
796.83 242.56
796.83 242.56
799.05 248.07
799.05 248.07
802.15 250.55
802.15 250.55
800.71 264.11
804.23 264.27
804.23 264.27
808.83 267.89
813.62 269.55
813.62 269.55
813.62 269.55
817 272.65
817 272.65
826.02 274.26
825 283.66
825 283.66
825 283.66
825.42 283.68
825.42 283.68
826.26 283.72
826.26 283.72
826.76 295.29
826.76 295.29
829.56 298.04
829.56 298.04
825.73 318.56
824.97 320.42
826.83 332.64
826.83 332.64
826.82 343.23
828.54 346.56
828.54 346.56
827.72 348.67
832.09 367.94
834.07 368.04
834.07 368.04
836.55 381.67
838.08 387.59
847.39 386.2
846.99 387.46
846.99 387.46
851.02 385.77
851.02 385.77
851.02 385.77
851.02 385.77
851.02 385.77
851.13 413.03
850.54 422.36
850.13 423.73
850.13 423.73
858.27 426.34
858.27 426.34
858.76 430.64
858.76 430.64
862.24 430.39
864.27 433.42
867.9 439.65
867.9 439.65
867.52 441.19
871.53 460.81
871.53 460.81
873.98 464.93
876.89 463.01
878.83 461.58
878.07 472.79
878.07 472.79
876.98 443.79
885.57 437.58
893.11 461.9
893.11 461.9
893.11 461.9
895.6 462.03
901.21 465.9
901.21 465.9
905.82 484.76
905.82 484.76
905.82 484.76
905.82 484.76
904.69 500.46
903.43 508.59
902.79 512.73
910.9 513.15
910.3 517.35
910.3 517.35
911.66 517.43
915.64 539.67
915.05 544.23
921.27 539.97
921.27 539.97
925.34 554.15
925.34 554.15
925.34 554.15
933.97 554.6
933.97 554.6
933.97 554.6
934.43 549.91
941.16 554.98
940.74 559.75
940.74 559.75
940.74 559.75
940.74 559.75
946.53 560.06
946.53 560.06
953.9 580.3
953.56 585.43
953.56 585.43
953.56 585.43
953.56 585.43
947.35 653.27
947.35 653.27
947.35 653.27
947.35 653.27
942.41 652.99
943.78 634.83
944.67 623.18
944.67 623.18
944.67 623.18
944.67 623.18
945.1 617.5
944.23 628.96
944.23 628.96
942.63 628.87
943.08 623.1
937.24 617.07
937.24 617.07
937.24 617.07
935.75 634.39
925.95 652.08
924.73 664.67
924.11 671.11
924.11 671.11
911.36 663.92
911.36 663.92
911.36 663.92
911.36 663.92
910.63 670.36
910.63 670.36
909.88 676.9
909.88 676.9
901.39 676.43
899.72 689.84
899.72 689.84
891.21 675.86
889.52 675.76
889.52 675.76
890.43 669.23
873.61 668.29
871.49 681.44
870.4 688.18
870.11 648.99
870.11 648.99
855.13 667.26
855.13 667.26
855.13 667.26
855.13 667.26
855.13 667.26
844.35 629.37
843.12 635.27
843.12 635.27
816.71 671.69
816.71 671.69
816.71 671.69
815.02 671.59
809.95 671.31
809.95 671.31
809.95 671.31
809.95 671.31
809.95 671.31
793.06 670.36
793.06 670.36
793.06 670.36
791.37 670.27
786.3 669.99
786.3 669.99
786.3 669.99
781.83 637.95
758.38 688.78
758.38 688.78
758.38 688.78
756.66 688.68
756.66 688.68
756.66 688.68
756.66 688.68
756.66 688.68
751.09 695.38
751.09 695.38
736.93 673.89
736.93 673.89
731.75 653.93
733.91 647.7
718.27 672.84
718.27 672.84
718.27 672.84
718.27 672.84
712.87 659.32
711.2 659.23
706.4 672.18
706.4 672.18
706.4 672.18
686.97 664.43
686.97 664.43
686.97 664.43
686.97 664.43
686.97 664.43
665.27 683.52
665.27 683.52
663.55 683.42
649.02 696.72
649.02 696.72
649.02 696.72
647.27 696.62
647.27 696.62
647.27 696.62
647.27 696.62
630.11 702.88
630.11 702.88
630.11 702.88
622.81 695.23
613.9 687.61
613.9 687.61
584.03 730.48
591.59 731.94
591.59 731.94
591.59 731.94
589.9 728.6
589.31 732.09
593.87 713.62
577.48 731.41
576.57 731.36
571.11 731.04
567.31 731.3
558.89 731.86
558.89 731.86
555.05 732.12
555.65 720.73
541 747.53
540.4 743.33
529.39 743.37
529.39 743.37
520.13 740.48
515.91 736.14
515.91 736.14
512.21 735.93
508.32 736.18
511.93 746.67
510.8 758.04
508.52 753.9
508.52 753.9
508.52 753.9
498.22 747.05
500.51 743.24
489.31 743.73
479.64 759.67
477.11 763.84
472.74 767.89
463.18 767.33
462.22 767.27
458.92 767.51
462.21 742.96
462.21 742.96
453.56 743
453.56 743
452.65 742.94
442.96 739.64
443.69 735.82
443.69 735.82
431.18 725.71
432.6 718.27
432.6 718.27
432.6 718.27
431.77 729.32
429.47 759.6
429.47 759.6
422.74 760.08
422.74 760.08
422.74 760.08
416.43 768.14
416.43 768.14
416.43 768.14
416.43 768.14
401.03 769.27
401.03 769.27
401.03 769.27
393.16 793.65
393.16 793.65
393.16 793.65
393.16 793.65
373.58 795.19
373.58 795.19
373.58 795.19
373.58 795.19
353.71 805.06
353.71 805.06
360.82 839.22
360.82 839.22
340.45 823.26
340.45 823.26
314.63 752.54
314.63 752.54
314.63 752.54
314.63 752.54
314.63 752.54
314.63 752.54
302.91 745.89
302.91 745.89
302.91 745.89
302.91 745.89
294.19 746.46
294.19 746.46
294.19 746.46
277.16 725.88
277.16 725.88
268.63 740.77
268.63 740.77
268.63 740.77
268.63 740.77
260.65 763.81
260.65 763.81
260.65 763.81
260.65 763.81
260.65 763.81
250.8 756.83
250.8 756.83
226.71 728.92
226.71 728.92
226.71 728.92
226.71 728.92
213.87 722.59
213.87 722.59
213.87 722.59
213.87 722.59
213.87 722.59
213.87 722.59
213.87 722.59
213.87 722.59
213.87 722.59
213.87 722.59
213.87 722.59
213.87 722.59
187.1 717.13
187.1 717.13
187.1 717.13
163.85 697.92
163.85 697.92
163.85 697.92
163.85 697.92
163.85 697.92
163.85 697.92
163.85 697.92
162.1 698.01
162.1 698.01
162.1 698.01
162.1 698.01
162.06 691.39
162.06 691.39
162.06 691.39
162.06 691.39
162.06 691.39
156.83 653.92
156.83 653.92
155.16 660.04
153.61 625.1
150.24 648.22
150.24 648.22
150.57 603.5
150.57 603.5
150.57 603.5
150.57 603.5
150.57 603.5
150.57 603.5
150.57 603.5
150.57 603.5
150.57 603.5
147.34 614.3
156.77 592.92
156.77 592.92
156.77 592.92
163.86 544.93
163.86 544.93
163.86 544.93
172.18 535.98
172.18 535.98
172.18 535.98
172.18 535.98
172.18 535.98
172.18 535.98
172.18 535.98
172.18 535.98
172.18 535.98
173.92 549.25
173.92 549.25
173.92 549.25
173.92 549.25
176.38 535.92
176.38 535.92
176.38 535.92
176.38 535.92
176.38 535.92
176.38 535.92
176.38 535.92
176.38 535.92
181.57 491.29
181.57 491.29
181.57 491.29
181.57 491.29
181.57 491.29
181.57 491.29
188.04 465.88
188.04 465.88
191.6 442.49
191.6 442.49
191.6 442.49
198.3 436.19
198.3 436.19
198.3 436.19
198.3 436.19
198.3 436.19
198.3 436.19
209.15 452.38
209.15 452.38
209.15 452.38
209.15 452.38
209.15 452.38
209.15 452.38
211.25 449.1
211.25 449.1
211.25 449.1
211.25 449.1
214.12 430.15
214.12 430.15
214.12 430.15
214.12 430.15
214.12 430.15
214.12 430.15
214.12 430.15
214.12 430.15
214.12 430.15
214.12 430.15
214.12 430.15
214.12 430.15
216.98 403.94
230.38 404.26
230.38 404.26
232.73 392.35
232.73 392.35
232.73 392.35
232.73 392.35
231.5 368.95
231.5 368.95
232.73 370.98
232.73 370.98
236.9 370.57
236.9 370.57
240.58 364.67
241.78 360.2
243.51 355.66
242.29 353.56
242.29 353.56
241.58 341.58
241.58 341.58
241.58 341.58
242.69 339.43
245.83 339.1
245.83 339.1
250.89 336.16
250.89 336.16
251.53 336.09
257.83 337.84
257.83 337.84
261.43 327.56
261.43 327.56
265.34 321.43
265.34 321.43
265.34 321.43
266.85 304.59
266.85 304.59
266.85 304.59
271.56 304.79
271.89 296.89
271.89 296.89
280.7 297.41
281.38 297.33
281.68 280.31
285.61 282.23
285.61 282.23
285.61 282.23
298.26 287.22
298.26 287.22
298.26 287.22
304.91 285.75
310.27 287.99
310.27 287.99
314.47 284.77
314.47 284.77
314.47 284.77
315.54 272.98
321.51 269.41
322.22 269.33
322.22 269.33
325.16 259.66
336.73 258.29
336.73 258.29
343.22 261.45
343.95 261.36
345.68 255.11
350.97 255.38
350.97 255.38
353.71 253.41
353.71 253.41
353.71 253.41
360.23 247.79
360.23 247.79
373.59 246.18
373.59 246.18
373.59 246.18
373.59 246.18
382.54 245.1
380.77 239.08
380.77 239.08
402.32 260.87
402.32 260.87
402.32 260.87
397.4 237.05
397.4 237.05
397.4 237.05
397.4 237.05
397.4 237.05
399.98 210.54
399.98 210.54
399.98 210.54
399.98 210.54
419.05 194.24
419.05 194.24
419.05 194.24
419.05 194.24
427.7 163.67
427.7 163.67
427.7 163.67
427.7 163.67
426.14 156.16
426.14 156.16
435.68 177.62
435.68 177.62
435.68 177.62
434.23 170.37
463.04 188.54
463.04 188.54
463.04 188.54
463.04 188.54
463.04 188.54
461.86 181.49
476.22 186.83
476.22 186.83
481.49 164.05
481.49 164.05
481.49 164.05
481.49 164.05
481.49 164.05
492.35 139.12
492.35 139.12
491.39 131.12
491.39 131.12
489.39 114.63
506.48 137.17
506.48 137.17
507.3 145.05
523.13 142.89
524.9 142.64
538.08 178.82
538.08 178.82
538.08 178.82
538.08 178.82
538.08 178.82
538.08 178.82
538.08 178.82
553.35 176.84
553.69 183.99
553.69 183.99
553.69 183.99
563.07 160.75
563.07 160.75
575.28 159.14
577.03 158.91
576.76 143.5
576.76 143.5
576.76 143.5
576.76 143.5
576.76 143.5
587.46 134.08
587.46 134.08
587.46 134.08
591.07 141.56
591.07 141.56
612.06 161.82
612.06 161.82
612.06 161.82
612.06 161.82
625.9 202.6
625.9 202.6
629.25 202.18
629.25 202.18
629.25 202.18
630.92 201.98
632.22 208.48
632.22 208.48
632.22 208.48
632.22 208.48
633.88 208.28
633.88 208.28
644.78 238.65
661.23 198.25
661.23 198.25
661.23 198.25
671.63 210.28
673.3 210.08
685.85 215.07
685.85 215.07
687.52 214.87
687.52 214.87
687.52 214.87
687.52 214.87
687.52 214.87
687.52 214.87
700.31 238.31
700.31 238.31
700.31 238.31
699.38 244.4
699.38 244.4
718.16 236.27
719.79 236.08
719.79 236.08
719.79 236.08
719.2 248.05
719.2 248.05
720.8 247.87
720.8 247.87
720.8 247.87
720.8 247.87
720.8 247.87
733.61 269.15
733.61 269.15
733.61 269.15
733.61 269.15
733.61 269.15
733.61 269.15
733.61 269.15
733.61 269.15
732.06 290.62
732.06 290.62
732.06 290.62
731.7 305.78
731.7 305.78
731.7 305.78
727.44 325.33
727.44 325.33
727.44 325.33
727.44 325.33
727.44 325.33
727.44 325.33
727.44 325.33
727.44 325.33
727.44 325.33
729.54 315.7
715.17 369.61
715.17 369.61
715.17 369.61
715.17 369.61
715.17 369.61
715.17 369.61
716.05 365.49
716.05 365.49
716.05 365.49
716.05 365.49
716.05 365.49
716.05 365.49
716.05 365.49
719.7 348.41
719.7 348.41
716.94 361.31
716.94 361.31
711.3 355.62
711.3 355.62
711.3 355.62
711.3 355.62
708.3 369.65
708.3 369.65
711.21 372.33
711.21 372.33
711.71 372.35
709.46 382.96
709.46 382.96
709.46 382.96
705.76 389.16
711.33 384.3
701.38 401.32
703.8 397.18
704.59 395.83
704.59 395.83
703.8 397.18
703 398.55
696.77 421.03
697.33 421.06
698.79 425.58
697.95 427.05
697.95 427.05
703.56 424.31
703.25 425.86
693.29 442.97
695.1 439.68
691.67 458.58
691.67 458.58
688.9 463.61
696.02 463.01
702.59 463.85
703.48 462.19
708.29 462.44
708.29 462.44
711.43 466.02
711.43 466.02
720.81 476.92
721.42 476.95
721.42 476.95
724.1 475.35
724.1 475.35
724.84 484.32
723.98 486.13
723.39 490.92
725.91 497.95
725.91 497.95
722.72 518.39
722.72 518.39
722.72 518.39
716.68 542.08
728.06 532.22
728.96 530.16
733.84 528.34
732.97 530.37
743.68 533.72
744.82 529.86
738.69 551.64
738.5 566.09
752.01 534.52
752.01 534.52
752.05 547.27
751.16 549.51
750.26 551.78
760.36 549.61
767.5 547.7
767.5 547.7
767.18 554.64
763.32 576.74
770.53 569.22
770.53 569.22
775.9 564.42
775.08 566.9
775.76 579.59
775.76 579.59
777.99 580.37
795.41 531.64
793.22 548.85
793.22 548.85
789.43 528.52
800.51 524.65
800.51 524.65
796.38 537.97
803.52 547.7
803.52 547.7
800.73 557.16
797.91 587.56
797.91 587.56
794.87 598.19
794.87 598.19
794.87 598.19
805.69 604.3
805.69 604.3
805.69 604.3
836.16 522.12
835.05 526.46
835.05 526.46
835.05 526.46
835.05 526.46
842.59 535.83
842.59 535.83
841.5 540.35
841.5 540.35
841.5 540.35
851.39 540.87
852.96 559.94
852.96 559.94
857.17 575.13
857.17 575.13
853.98 590.58
853.98 590.58
855.5 590.66
868.34 541.77
868.34 541.77
868.34 541.77
875.09 551.49
875.09 551.49
875.09 551.49
875.09 551.49
886.59 511.89
886.59 511.89
886.59 511.89
895.42 499.98
895.42 499.98
895.42 499.98
895.42 499.98
895.42 499.98
899.38 492.21
899.38 492.21
900.02 488.33
900.02 488.33
903.3 492.41
903.3 492.41
903.3 492.41
903.3 492.41
903.3 492.41
911.15 492.81
911.15 492.81
917.16 497.09
917.16 497.09
928.55 501.69
927.5 522.54
933.88 514.35
931.6 535.98
931.6 535.98
938.88 518.84
938.47 523.11
943.88 494.5
943.88 494.5
945.19 494.56
945.19 494.56
953.76 503
965.15 469.15
965.15 469.15
976.14 477.03
976.14 477.03
976.14 477.03
977.56 473.42
981.71 462.84
981.71 462.84
981.71 462.84
981.83 459.34
981.71 462.84
981.71 462.84
985.15 429.72
985.15 429.72
985.15 429.72
985.15 429.72
985.15 429.72
985.24 426.6
985.24 426.6
985.24 426.6
985.15 429.72
985.15 429.72
992.42 414.81
992.42 414.81
992.42 414.81
992.42 414.81
992.61 403.19
992.61 403.19
992.61 403.19
992.66 400.37
992.51 347.3
992.51 347.3
992.51 347.3
992.51 347.3
992.51 347.3
992.51 347.3
992.51 347.3
992.55 345.05
992.55 345.05
992.51 347.3
992.51 347.3
992.55 345.05
979.36 311.03
979.36 311.03
968.29 299.19
968.29 299.19
967.54 297.33
962.45 315.02
960.34 317.74
966.13 314.27
963.48 306.3
963.48 306.3
963.48 306.3
955.08 307.11
954.26 306.14
954.26 306.14
952.38 306.98
947.86 305.91
947.15 304.03
943.69 302.95
942.46 304.53
939.23 305.29
938.28 293.25
937.96 292.33
935.17 293.11
927.71 295.46
921.8 311.07
921.8 311.07
914.12 307.18
915.86 297.64
912.56 289.54
903.26 295.31
903.26 295.31
903.26 295.31
898.04 301.19
898.04 301.19
890.22 308.95
885.14 302.59
885.14 302.59
882.23 292.91
882.45 292.1
882.45 292.1
868.39 305.75
868.39 305.75
867.95 305.73
863.42 320.86
866.6 310.23
864.18 305.79
864.18 305.79
863.26 295.13
858 295.65
858 295.65
847.31 294.95
839.51 301.67
834.03 306.63
833.9 301.04
833.9 301.04
830.2 299.07
823.25 304.46
819.3 304.28
815.65 304.63
808.61 307.55
808.61 307.55
808.61 307.55
808.61 307.55
806.37 306.56
806.37 306.56
798.67 306.04
797.43 307.75
785.79 320.48
785.79 320.48
778.19 334.26
778.19 334.26
768.89 350.06
770.58 345.75
770.58 345.75
770.58 345.75
764.37 351.99
762.86 355.01
761.31 358.12
761.88 356.02
756.41 360.15
756.41 360.15
739.69 399.23
755.66 359.23
756.68 357.21
753.29 359.12
753.29 359.12
753.29 359.12
747.95 361.23
747.95 361.23
737.14 374.88
737.7 373.84
727.73 390.56
724.57 395.44
726.56 391.74
719.85 394.62
719.85 394.62
711.68 413.35
711.68 413.35
712.36 412.11
711.68 413.35
701.49 432.23
702.27 430.78
702.27 430.78
697.13 438.13
697.13 438.13
693.59 437.02
693.59 437.02
690.64 441.5
692.25 438.53
693.82 435.63
692.13 435.54
690.78 436.96
692.37 423.71
681.62 435.59
681.54 440.04
681.3 441.5
673.59 442.07
673.59 442.07
673.59 442.07
669.07 445.41
663.86 454.05
663.2 455.41
663.2 455.41
663.2 455.41
663.2 455.41
660.9 452.07
660.9 452.07
656.21 460.81
639.95 481.41
639.95 481.41
636.69 484.14
636.69 484.14
646.58 463.35
645.05 463.45
634.33 473.3
633.33 474.53
619.61 495.77
619.61 495.77
618.11 498.15
610.11 495.96
606.27 496.21
606.27 496.21
606.27 496.21
606.27 496.21
595.05 500.3
591.58 506.95
590.72 508.03
588.44 508.17
587.85 506.4
587.85 506.4
586.49 506.48
580.61 506.83
577.46 507.02
574.45 508.22
574.45 508.22
574.45 508.22
563.12 521.83
564.45 519.8
561.13 519.63
541.85 545.98
541.97 538.46
539.53 538.52
513.14 555.74
492.25 562.54
489.36 564.54
497.74 564.07
497.74 564.07
498.99 562.16
489.52 555.2
487.81 555.3
485.24 555.45
485.24 555.45
481.82 555.65
481.82 555.65
481.82 555.65
479.81 540.66
479.81 540.66
465.28 528.23
473.3 550.2
473.3 550.2
464.12 540.62
464.12 540.62
459.28 536.97
461.95 545.1
461.95 545.1
424.26 532.82
424.26 532.82
424.26 532.82
424.26 532.82
447.22 537.59
435.38 531.61
432.72 532.85
431.83 532.91
429.24 535.19
429.24 535.19
429.24 535.19
428.35 533.19
428.35 533.19
426.12 532.27
425.64 531.24
425.64 531.24
403.8 514.12
395.24 514.22
395.24 514.22
395.24 514.22
385.79 509.17
385.79 509.17
389.53 519.21
389.53 519.21
389.53 519.21
383.24 518.39
383.24 518.39
383.24 518.39
366.14 503.5
366.14 503.5
357.21 501.57
357.21 501.57
357.21 501.57
348.91 487.31
348.91 487.31
348.91 487.31
341.68 481.82
341.68 481.82
341.68 481.82
340.92 480.45
340.92 480.45
338.65 473.36
338.65 473.36
338.65 473.36
338.65 473.36
334.4 464.75
334.96 466.49
329.3 462.73
328.3 459.33
327.49 457.84
327.49 457.84
327.49 457.84
327.49 457.84
327.49 457.84
325.93 439.95
325.93 439.95
325.93 439.95
325.28 436.48
325.84 436.44
325.84 436.44
328.31 434.42
328.31 434.42
330.49 426.79
330.49 426.79
330.49 426.79
329.6 424.94
322.16 396.97
322.16 396.97
322.16 396.97
322.16 396.97
318.98 377.25
329.11 384.91
329.11 384.91
330.68 378.8
321.46 357.88
321.46 357.88
321.46 357.88
321.46 357.88
320.46 355.62
325.62 345.23
329.91 340.58
329.91 340.58
331.37 326.37
331.37 326.37
333.37 326.15
333.37 326.15
337.46 326.29
341.48 325.85
341.48 325.85
346.18 325.34
347.24 312.74
347.24 312.74
351.52 307.08
351.87 291.74
354.85 297.57
355.23 298.43
355.23 298.43
355.01 295.79
353.5 292.4
357.68 289.48
357.68 289.48
357.68 289.48
361.44 278.92
361.44 278.92
364.39 259.85
367.57 255.48
367.57 255.48
367.57 255.48
367.57 255.48
372.72 249.18
372.72 249.18
378.66 226.53
381.73 226.15
381.73 226.15
381.73 226.15
381.73 226.15
386.34 225.57
386.34 225.57
386.34 225.57
386.34 225.57
391.93 204.72
391.93 204.72
391.93 204.72
399.74 196.74
399.74 196.74
399.74 196.74
415.79 201.66
415.79 201.66
415.79 201.66
415.79 201.66
422.28 193.82
422.28 193.82
428.76 192.98
428.76 192.98
428.76 192.98
434.03 177.84
434.03 177.84
437.82 162.3
437.82 162.3
448.34 153.12
448.34 153.12
444.13 129.51
449.42 128.76
449.42 128.76
458.28 127.51
458.28 127.51
458.28 127.51
471.3 142.03
471.3 142.03
471.3 142.03
472.45 149.82
477.65 149.11
477.65 149.11
477.65 149.11
483.56 140.34
483.56 140.34
483.56 140.34
498.54 146.25
498.54 146.25
499.42 153.96
503.79 145.53
503.79 145.53
503.79 145.53
523.13 142.89
521.11 118.61
521.11 118.61
521.11 118.61
531.36 157.37
531.36 157.37
546.14 170.45
545.29 155.51
545.29 155.51
547.64 97.551
547.64 97.551
547.64 97.551
547.64 97.551
547.64 97.551
553.27 96.735
558.91 95.918
558.91 95.918
569.22 128.48
569.22 128.48
592.69 206.68
592.69 206.68
592.69 206.68
594.48 178.76
596.19 178.54
628.79 7.574
615.89 20.148
614.31 78.856
614.31 78.856
614.31 78.856
614.06 87.928
614.06 87.928
619.53 95.997
619.53 95.997
626.79 103.65
626.79 103.65
629.39 128.35
627.92 159.74
638.13 135.19
654.1 63.724
645.84 179.36
647.43 157.19
647.43 157.19
646.89 164.72
648.65 164.49
648.65 164.49
649.21 156.96
649.21 156.96
649.21 156.96
649.21 156.96
660.39 224.46
660.39 224.46
660.39 224.46
660.39 224.46
682.43 174.72
682.43 174.72
682.43 174.72
682.43 174.72
682.43 174.72
682.43 174.72
682.43 174.72
682.43 174.72
682.43 174.72
682.43 174.72
682.43 174.72
679.69 285.7
698.94 226.2
698.94 226.2
698.94 226.2
698.94 226.2
698.94 226.2
715.43 224.28
715.43 224.28
716.54 217.83
716.54 217.83
715.43 224.28
722.56 229.65
722.56 229.65
722.56 229.65
722.56 229.65
722.56 229.65
712.08 302.83
728.82 246.97
728.82 246.97
728.82 246.97
737.43 279.57
737.43 279.57
737.43 279.57
753.72 261.41
755.09 255.61
755.09 255.61
763.52 271.4
763.52 271.4
763.52 271.4
764.2 297.49
765.58 292.28
765.58 292.28
765.58 292.28
767.1 292.12
767.52 274.45
767.52 274.45
768.3 274.37
776.03 275.2
774.06 278.5
789.78 282.86
787.98 286.08
789.91 285.95
792.89 286.09
797.99 287.17
797.57 288
803.24 300.86
802.81 301.77
802.81 301.77
806.09 306.68
806.83 306.61
808.32 306.46
810.34 311.04
806.27 315.82
805.35 317.83
808.94 331.19
810.9 335.64
813.37 334.6
813.37 334.6
811.88 342.15
811.88 342.15
813.18 352.74
813.66 351.54
816.47 351.29
816.47 351.29
816.47 351.29
813.19 359.88
801.53 400.82
801.53 400.82
799.75 412.14
802.76 407.4
806.49 417.02
803.62 414.02
803.62 414.02
803.62 414.02
803.62 414.02
804.42 422.83
804.42 422.83
801.42 423.06
798.14 432.28
794.62 442.16
793.39 445.62
798.7 430.7
798.7 430.7
798.7 430.7
798.7 430.7
796.27 434
781.27 458.84
784.62 451.46
780.01 463.74
778.17 468.65
780.68 462.14
780.68 462.14
780.68 462.14
780.68 462.14
780.68 462.14
780.68 462.14
780.2 453.88
780.2 453.88
777.81 455.37
777.81 455.37
764.03 482.28
764.03 482.28
763.62 483.37
760.39 468.8
761.45 465.92
761.45 465.92
761.45 465.92
753.33 472.29
753.33 472.29
753.33 472.29
745.63 484.57
744.99 484.54
741.47 485.99
742.67 482.21
737.94 482.53
737.94 482.53
737.94 482.53
731.2 497.05
731.98 495.21
726.6 495.54
723.27 497.25
723.27 497.25
708.88 504.26
708.88 504.26
707.03 508.19
707.96 506.21
697.78 530.05
697.78 530.05
697.78 530.05
698.03 529.07
698.03 529.07
698.03 529.07
690.65 534.76
690.53 536.9
680.63 546.01
680.63 546.01
676.96 546.22
678.02 528.13
678.02 528.13
674.82 528.31
674.82 528.31
674.82 528.31
671.91 529.45
671.91 529.45
658.18 540.28
654.64 547.13
648.38 559.2
642.6 564.46
642.6 564.46
635.7 574.22
637.1 564.55
632.71 584.56
629.59 572.87
629.59 572.87
629.65 572.02
627.02 577.1
627.02 577.1
625.04 589.14
625.36 583.74
614.77 580.55
614.77 580.55
614.77 580.55
610.36 579.97
610.36 579.97
610.36 579.97
603.09 578.74
603.09 577.92
598.5 573.99
598.5 573.99
597.06 573.32
595.66 575.83
595.66 575.83
590.43 566.46
590.43 566.46
584.59 573.78
580.1 581.53
578.19 584.15
578.19 584.15
575.94 581.32
567.19 579.19
564.74 583.66
546.05 600.9
535.96 603.85
535.96 603.85
529.74 601.81
529.74 601.81
529.74 601.81
529.74 601.81
529.74 601.81
529.41 600.29
528.3 605.41
527.78 605.39
530.22 599.95
527.01 598.53
526.15 596.85
522.11 596.64
518.37 600.05
485.84 644.18
499.35 617.22
494.38 615.43
494.21 614.92
508.2 594.28
499.65 589.56
499.65 589.56
499.65 589.56
481.89 595.27
475.3 595.47
475.3 595.47
471.44 600.53
471.44 600.53
471.44 600.53
465.78 603.8
462.6 600.93
462.22 600.95
459.74 603.33
459.74 603.33
452.5 599.91
442.96 599.52
442.6 598.76
442.6 598.76
438.42 598.97
438.42 598.97
429.69 594.27
428.54 591.96
421.27 592.33
411.99 590.95
411.99 590.95
405.98 592.05
405.98 592.05
395.3 585.97
395.3 585.97
395.3 585.97
395.3 585.97
395.3 585.97
392.65 586.11
391.84 583.77
391.84 583.77
391.84 583.77
388.15 581.54
385.91 607.91
376.37 577.87
376.37 577.87
373.66 578.01
373.66 578.01
373.66 578.01
367.62 580.51
367.62 580.51
362.72 576.52
362.72 576.52
360.37 576.65
360.37 576.65
358.41 576.76
358.41 576.76
352.6 573.55
352.6 573.55
343.7 561.63
371.57 577.4
371.57 577.4
371.57 577.4
353.97 568.47
353.97 568.47
353.97 568.47
353.97 568.47
353.97 568.47
353.97 568.47
336.87 555.2
336.87 555.2
336.87 555.2
336.87 555.2
336.87 555.2
336.87 555.2
322.1 555.49
322.1 555.49
322.1 555.49
322.1 555.49
322.1 555.49
322.1 555.49
307.62 551.31
307.62 551.31
307.62 551.31
295.49 538.46
295.49 538.46
295.49 538.46
295.49 538.46
295.49 538.46
295.49 538.46
281.92 530.2
281.92 530.2
281.92 530.2
281.92 530.2
281.92 530.2
281.92 530.2
281.92 530.2
281.92 530.2
281.92 530.2
281.92 530.2
261.4 510.11
261.4 510.11
261.4 510.11
261.4 510.11
261.4 510.11
261.4 510.11
261.4 510.11
261.4 510.11
261.4 510.11
261.4 510.11
261.4 510.11
261.4 510.11
261.4 510.11
261.4 510.11
250.61 498.55
250.61 498.55
250.61 498.55
250.61 498.55
250.61 498.55
250.61 498.55
250.61 498.55
250.61 498.55
250.05 494.76
250.05 494.76
256.39 494.73
256.39 494.73
256.39 494.73
256.39 494.73
256.39 494.73
256.39 494.73
256.39 494.73
256.39 494.73
256.39 494.73
256.39 494.73
256.39 494.73
275.02 499.64
281.16 498.42
281.16 498.42
282.31 491.86
290.82 493.7
290.82 493.7
290.82 493.7
290.82 493.7
295.2 493.68
295.2 493.68
303.35 493.08
303.35 493.08
303.35 493.08
303.35 493.08
313.78 482.06
313.78 482.06
313.78 482.06
322.61 488.02
332.57 491.57
332.57 491.57
332.09 489.78
335.73 488.23
340.53 488.22
340.53 488.22
340.04 486.44
346.37 491.8
346.37 491.8
345.84 489.99
345.31 488.2
345.31 488.2
354.78 483.97
355.89 485.17
360.16 479.65
360.16 479.65
367.71 479.65
367.71 479.65
372.91 476.56
372.91 476.56
373.5 477.88
378.32 474.78
381.78 474.78
381.78 474.78
381.71 473.39
385.79 475.1
385.79 475.1
385.79 475.1
396.03 474.72
396.03 474.72
396.03 474.72
414.6 478.89
414.6 478.89
414.6 478.89
411.13 470.39
418.32 468.45
418.32 468.45
418.32 468.45
427.69 463.75
427.69 463.75
436.78 465.42
436.78 465.42
435.61 457.92
437.44 454.64
435.96 451.43
433.1 445.21
438.62 446.78
446.1 453.79
445.96 456.88
445.96 456.88
450.87 455.02
455.41 455.23
461.91 455.97
461.91 455.97
461.91 455.97
466.99 457.56
476.6 453.81
481.98 457.01
481.98 457.01
489.53 457.04
501.92 461.93
501.92 461.93
501.92 461.93
501.92 461.93
499.7 457.02
502.11 461.33
504 459.36
503.49 456.44
513.34 449.64
512.87 446.6
526.61 412.43
528.23 426.04
528.23 426.04
528.23 426.04
540.05 428.4
541.2 428.31
548.61 434.26
548.61 434.26
548.61 434.26
548.61 434.26
548.61 434.26
548.61 434.26
548.61 434.26
559.59 426.81
577.22 435.19
577.22 435.19
578.2 428.6
578.2 428.6
578.12 425.29
578.12 425.29
581.61 425.01
581.61 425.01
581.55 421.65
588.6 424.44
588.62 427.76
588.62 427.76
588.62 427.76
596.74 427.1
609.81 419.33
609.81 419.33
609.69 422.72
621.67 418.35
621.67 418.35
634.5 420.69
635.69 420.59
650.41 426.07
650.41 426.07
650.41 426.07
650.41 426.07
650.41 426.07
651.59 425.98
660.3 421.95
660.3 421.95
660.75 418.55
660.75 418.55
660.75 418.55
676.28 410.39
676.28 410.39
676.28 410.39
676.28 410.39
666.62 422.96
666.62 422.96
673.79 420.17
682.1 419.58
692.02 413.98
692.02 413.98
708.49 412.38
710.1 405.49
710.1 405.49
710.1 405.49
713.81 405.18
717.74 405.38
715.3 409.75
725.5 416.69
725.5 416.69
725.5 416.69
733.57 420.83
735.27 420.91
740.89 416.79
740.89 416.79
743.83 415.5
743.83 415.5
750.66 420.19
750.66 420.19
752.57 424.79
765.54 428.34
765.54 428.34
767.84 428.46
767.84 428.46
767.84 428.46
767.84 428.46
772.04 425.61
779.71 425.03
784.84 425.28
792.72 421.57
797.31 421.72
797.31 421.72
805.87 422.15
805.87 422.15
805.31 423.64
805.31 423.64
809.9 423.87
809.9 423.87
820.64 411.46
820.1 412.97
825.23 411.69
827.92 427.74
827.92 427.74
827.92 427.74
828.65 438.14
835.46 435.35
835.46 435.35
835.46 435.35
855.42 429.12
854.11 433.83
854.11 433.83
854.11 433.83
854.11 433.83
854.55 432.24
862.92 441.51
875.11 420.45
875.11 420.45
875.11 420.45
876.55 428.3
876.55 428.3
881.98 430.13
884.74 428.27
884.74 428.27
884.74 428.27
888.87 428.48
891.98 428.24
891.98 428.24
896.7 428.47
897.7 426.78
900.67 423.76
900.67 423.76
900.67 423.76
900.06 426.9
899.05 428.59
900.37 425.32
900.06 426.9
900.06 426.9
903.3 425.46
903.59 423.9
899.93 443.9
900.25 442.12
904.15 420.83
904.15 420.83
904.42 419.32
904.42 419.32
908.12 418
908.37 416.52
908.37 416.52
907.36 418.21
907.36 418.21
907.36 418.21
903.06 410.79
901.97 416.47
901.84 420.72
902.47 420.67
902.47 420.67
902.47 420.67
901.46 422.36
896.2 421.15
896.49 419.64
889.63 420.17
886.19 420
874.93 425.62
875.24 424.13
871.57 422.46
871.57 422.46
863.11 423.1
856.31 422.77
856.31 422.77
856.31 422.77
855.22 427.23
854.22 419.74
854.22 419.74
854.22 419.74
851.82 419.92
848.21 427.18
840.9 419.9
840.49 421.34
836.05 416.96
836.45 415.53
836.85 414.11
831.97 402.87
832.6 402.82
832.6 402.82
832.6 402.82
832.6 402.82
829.16 401.25
828.5 405.4
821.88 406.53
821.88 406.53
806.18 417.37
806.18 417.37
806.72 415.84
794.77 409.55
794.77 409.55
794.77 409.55
790.5 409.89
784.39 412.48
781.71 402.44
774.91 418.95
774.32 420.44
774.32 420.44
771.03 417.45
771.03 417.45
771.03 417.45
771.62 416.01
771.62 416.01
761.96 419.36
758.12 428.23
758.12 428.23
750.92 427.22
748.89 422.51
748.89 422.51
748.89 422.51
741.4 429.22
735.58 430.45
735.58 430.45
723.65 441.37
723.65 441.37
718.92 442.67
715.95 448.84
711.05 449.19
711.05 449.19
711.05 449.19
711.05 449.19
702.89 457.09
704.75 452.14
704.75 452.14
701.68 457.03
702.51 455.37
702.51 455.37
695.74 466.33
688.75 464.69
683.56 473.65
682.13 474.61
699.18 442.17
689.99 467.25
680.82 455.17
681.04 453.79
681.04 453.79
677.71 458.73
671.95 461.84
671.95 461.84
671.95 461.84
663.74 465.05
663.74 465.05
663.74 465.05
657.74 475.4
658.43 466.7
651.26 471.63
649.76 482.66
642.14 480.49
642.52 475.7
643.75 470.54
643.75 470.54
639.51 474.41
639.51 474.41
639.51 474.41
632.92 480.54
632.92 480.54
632.92 480.54
629.09 481.89
629.09 481.89
629.49 480.21
606.1 507.45
606.1 507.45
601.05 510.94
601.05 510.94
601.05 510.94
601.05 510.94
601.05 510.94
597.34 510.12
597.29 509.06
578.05 522.86
578.05 522.86
578.05 522.86
574.45 525.22
574.45 525.22
566.92 532.82
567.02 533.8
567.02 533.8
562.14 535.79
556.62 534.14
556.62 534.14
554.4 534.27
553.78 532
553.78 532
550.09 531.22
525.64 541.23
524.99 537.14
524.99 537.14
523.19 537.25
516.34 539.74
516.34 539.74
497.56 536.74
497.56 536.74
496.66 536.79
496.66 536.79
490.38 537.18
489.88 535.11
474.09 527.5
474.09 527.5
465.95 534.48
465.95 534.48
465.95 534.48
481.65 525.06
480.62 543.33
480.62 543.33
477.35 545.54
474.1 547.7
468.05 548.06
462.37 550.36
462.37 550.36
459.49 550.43
459.49 550.43
459.49 550.43
459.49 550.43
447.25 544.85
448.09 546.79
448.09 546.79
440.05 546.93
440.05 546.93
431.32 547.09
431.32 547.09
431.32 547.09
431.32 547.09
425.67 547.19
415.78 544.78
415.78 544.78
409.41 546.17
409.41 546.17
401.98 544.6
401.98 544.6
396.12 542.59
394.24 548.64
389.82 548.72
389.82 548.72
380.2 549.07
379.65 548.14
380.75 549.99
371.05 551.26
371.05 551.26
358.85 551.78
358.26 550.88
358.26 550.88
348.59 548.92
349.19 549.82
344.32 548.22
344.32 548.22
339.81 548.29
339.81 548.29
353.18 537.57
337.79 533.6
337.79 533.6
337.79 533.6
327.41 533.75
327.41 533.75
327.41 533.75
316.66 538.13
316.66 538.13
316.66 538.13
316.66 538.13
311.03 542.51
312.01 546.83
312.01 546.83
312.01 546.83
303.98 546.97
