358 85 25 93
359 88 26 88
359 88 26 88
361 86 29 91
363 85 29 91
363 86 28 90
365 86 28 90
368 86 27 92
368 87 26 90
370 86 26 89
371 85 26 93
373 86 23 90
375 85 26 92
375 86 27 90
376 85 27 91
380 85 27 92
381 85 28 93
383 86 30 94
383 84 31 94
386 85 32 93
387 85 31 94
391 85 29 93
394 86 30 93
394 85 31 94
396 85 31 94
400 85 30 93
401 84 29 93
404 84 28 93
405 84 28 94
407 83 31 93
410 84 31 94
412 83 35 95
412 83 33 94
414 83 35 93
415 83 35 94
416 83 37 94
418 84 35 93
420 84 36 94
425 85 31 94
430 84 29 93
431 85 31 93
432 84 31 93
434 83 31 93
437 84 32 93
438 84 35 94
441 83 35 96
442 84 36 95
445 84 35 95
446 84 36 95
448 84 35 94
449 84 35 94
453 84 35 94
457 84 34 94
460 84 31 94
464 84 31 94
466 84 31 94
466 83 34 94
468 83 34 94
468 83 39 94
472 82 31 94
473 83 31 95
474 82 34 94
477 83 33 95
480 84 30 94
482 82 30 95
480 84 35 94
482 82 35 95
485 82 35 94
486 82 35 94
490 80 33 92
489 82 35 95
492 82 34 94
491 82 36 95
493 82 37 91
495 84 34 90
497 84 33 90
500 83 31 90
498 83 35 90
498 82 39 91
503 81 32 90
504 81 33 91
504 81 33 90
506 81 33 90
504 81 32 90
505 82 35 90
505 82 37 90
505 82 37 90
504 82 37 90
504 82 37 90
504 82 37 90
504 82 37 90
504 82 37 90
504 82 37 90
504 82 37 90
504 82 37 90
504 82 37 90
504 82 37 90
504 82 37 90
504 82 37 90
504 82 37 90
504 82 42 90
504 82 42 90
508 82 35 90
507 82 36 90
509 82 35 90
511 81 35 90
512 81 35 90
515 82 32 90
515 82 35 90
515 82 37 90
515 82 37 90
516 82 37 90
518 82 36 90
519 80 36 90
517 80 36 90
519 81 38 90
520 80 39 90
522 80 34 90
523 80 35 90
523 80 35 90
523 80 35 90
524 78 35 90
525 77 35 90
528 76 33 90
524 76 34 90
528 76 31 90
527 78 33 90
527 79 33 90
529 80 32 90
528 80 31 91
527 80 33 90
531 79 33 90
531 78 32 92
529 78 32 95
531 76 32 96
530 76 32 96
532 76 32 96
532 76 30 96
531 76 31 97
531 75 31 96
530 76 31 94
529 77 30 93
530 77 30 93
529 79 30 92
530 78 31 94
527 80 31 92
527 82 31 90
524 84 35 90
521 82 37 90
517 82 39 90
518 82 37 89
518 82 39 89
518 82 38 89
516 82 41 90
515 82 35 89
515 82 38 90
515 82 33 89
511 82 39 90
511 82 39 90
508 81 35 89
507 82 33 90
507 82 33 90
507 82 33 90
504 82 33 95
504 82 33 95
503 82 31 95
503 82 30 95
500 81 31 94
499 82 30 95
496 82 34 95
496 82 34 95
496 82 33 95
493 81 34 94
493 82 32 95
491 82 31 95
490 82 31 95
490 82 29 92
486 81 32 94
486 82 31 95
485 81 31 94
485 82 31 95
482 82 33 95
482 83 32 95
480 83 32 95
473 83 35 95
472 84 35 95
470 84 37 95
469 83 37 95
468 83 35 95
468 82 35 96
465 82 36 99
464 82 35 99
464 82 35 99
461 81 35 98
461 82 34 99
460 82 33 99
460 82 31 99
456 83 34 99
456 82 34 99
451 82 38 99
450 84 38 100
450 84 38 99
451 84 35 99
450 83 33 100
449 82 36 104
449 82 36 104
446 82 35 104
447 82 35 104
445 82 35 104
444 83 34 104
442 83 34 100
438 84 36 100
438 82 37 104
436 84 35 99
433 84 37 101
433 84 37 100
429 82 39 104
429 82 39 104
429 82 38 104
427 82 36 104
424 82 35 104
424 82 35 104
421 82 38 104
417 82 34 104
413 82 38 104
413 82 38 104
412 82 38 104
411 82 38 104
408 82 38 104
408 82 38 104
407 85 38 99
407 85 38 99
403 85 34 103
403 85 34 103
401 84 34 102
398 85 35 103
398 85 35 103
398 84 32 103
398 84 31 103
394 85 33 103
390 85 37 103
390 85 37 103
387 85 38 103
387 85 38 103
384 85 39 103
384 85 39 103
382 85 36 103
376 85 40 103
376 85 40 103
377 85 37 103
372 85 38 103
372 85 38 103
368 85 39 103
368 85 39 103
364 85 39 103
363 86 38 104
362 86 37 106
362 86 37 106
361 86 36 104
361 86 36 106
358 86 34 105
358 86 34 105
355 89 35 105
355 89 35 105
354 89 34 104
353 89 33 104
353 89 33 104
348 89 36 104
348 89 36 104
344 89 38 104
344 89 38 104
344 89 38 108
342 89 40 108
337 89 41 108
337 89 41 108
336 89 41 108
336 89 41 108
333 89 42 108
333 89 42 108
332 89 42 108
331 89 42 108
327 89 41 108
327 89 41 108
324 88 42 108
324 88 42 108
323 87 42 108
322 86 42 108
322 86 42 108
322 88 42 111
322 88 42 111
322 87 42 111
322 86 42 116
322 86 42 116
325 86 41 116
325 87 42 113
325 87 42 113
325 86 42 113
325 86 42 113
325 86 42 115
329 86 41 116
333 86 42 116
333 86 42 116
332 86 42 116
334 86 39 114
334 86 39 114
338 86 38 113
338 86 38 113
338 86 38 113
343 86 36 113
345 86 36 115
345 86 36 115
350 86 33 115
349 88 36 112
353 87 35 112
353 87 35 112
353 89 39 111
353 89 39 111
355 89 39 111
355 89 39 111
361 89 37 111
361 89 37 111
361 89 37 111
361 89 37 111
361 89 42 111
361 89 42 111
365 89 39 111
372 89 33 111
371 89 33 111
378 89 33 111
378 89 35 111
378 89 35 111
378 89 34 111
378 89 38 111
378 89 38 111
382 89 38 111
381 89 42 111
389 89 36 111
389 89 36 111
389 89 39 111
389 89 39 111
389 89 42 111
389 89 42 111
398 89 36 111
398 89 36 111
398 89 38 111
403 89 36 111
402 89 39 114
405 89 39 113
405 89 42 113
405 89 41 113
407 89 45 116
407 89 45 116
407 89 45 116
407 89 50 119
411 89 44 118
411 89 47 117
411 89 47 117
411 85 47 122
419 85 42 122
421 85 40 122
426 85 35 122
429 85 35 122
431 85 35 122
431 85 35 122
434 85 41 122
434 85 41 122
433 85 41 122
440 86 42 122
440 86 42 122
440 86 42 122
440 86 42 122
440 86 42 122
440 86 44 122
444 86 44 122
446 86 44 122
449 85 44 127
449 85 46 126
451 86 46 126
451 86 47 126
454 87 47 126
454 86 47 132
458 86 47 132
461 86 47 132
460 86 47 138
463 86 47 139
464 86 47 139
464 86 47 139
468 86 47 139
468 86 47 139
469 86 47 139
470 86 47 139
469 86 49 139
469 86 51 139
476 86 51 139
476 86 51 139
476 86 60 141
476 86 60 141
476 86 60 140
476 86 60 142
476 86 60 142
478 86 69 148
478 86 69 148
478 86 69 148
478 86 69 148
483 86 69 148
484 86 69 148
488 86 69 148
488 86 69 148
487 86 69 148
487 86 69 148
487 86 69 148
487 86 69 148
502 85 55 153
509 85 47 153
509 85 47 153
509 85 51 153
509 85 51 153
513 85 51 153
513 85 51 153
517 85 51 153
517 85 51 153
517 85 51 153
517 85 51 153
518 85 51 153
521 84 51 153
521 84 51 153
522 84 51 153
524 85 51 153
526 85 51 153
529 85 51 153
529 85 51 153
529 85 51 153
529 85 51 153
529 85 51 153
529 85 51 153
530 84 51 153
530 84 51 153
530 84 51 153
530 84 51 153
530 84 51 153
530 84 51 153
530 84 54 153
530 84 54 153
530 84 54 153
527 84 54 153
527 84 54 153
527 84 54 153
527 84 54 153
527 84 54 153
527 84 54 153
527 84 54 156
527 84 54 156
527 84 54 156
527 84 54 156
523 83 47 156
523 83 47 156
522 82 47 156
522 82 47 156
522 82 47 156
522 82 47 156
517 82 51 156
517 82 51 156
517 82 51 156
514 82 51 156
510 82 56 156
510 82 56 156
504 83 56 156
504 83 56 156
502 82 56 156
500 85 56 156
500 85 56 156
500 85 56 156
495 85 56 157
492 85 58 157
492 85 58 157
491 85 58 157
487 85 59 160
487 85 59 160
482 84 59 165
482 84 59 165
482 84 59 170
482 84 59 173
482 84 59 173
482 84 59 173
481 87 60 173
481 87 60 173
481 86 60 173
480 86 60 175
480 86 60 175
480 86 60 175
480 86 68 175
480 86 68 175
479 86 69 175
479 86 69 175
478 86 74 175
474 86 78 175
475 86 78 175
474 86 78 183
474 86 78 183
477 86 78 187
479 86 72 192
479 86 72 192
478 88 72 192
478 88 72 192
482 88 72 195
482 88 72 195
483 86 73 195
483 86 73 195
482 86 73 195
482 86 73 195
482 86 73 195
482 86 73 195
482 86 73 195
485 86 68 195
485 86 70 203
491 85 70 208
491 85 70 208
491 85 69 208
491 85 69 214
493 86 70 214
496 89 70 214
496 89 70 215
498 88 71 216
498 87 81 219
498 86 84 219
504 86 84 219
504 86 84 219
509 85 84 223
509 85 85 223
509 85 85 234
509 88 88 237
509 87 90 237
509 90 90 240
515 90 90 241
518 93 90 241
522 95 90 241
522 95 90 241
525 95 91 241
525 95 91 241
530 95 91 241
533 95 83 241
532 95 89 234
532 95 89 234
540 95 89 233
540 95 89 233
536 95 98 232
536 95 98 232
0 0 0 0
0 0 0 0
0 0 0 0
0 0 0 0
0 0 0 0
0 0 0 0
0 0 0 0
0 0 0 0
0 0 0 0
0 0 0 0
0 0 0 0
0 0 0 0
0 0 0 0
0 0 0 0
0 0 0 0
0 0 0 0
0 0 0 0
0 0 0 0
0 0 0 0
0 0 0 0
0 0 0 0
0 0 0 0
0 0 0 0
0 0 0 0
0 0 0 0
0 0 0 0
0 0 0 0
0 0 0 0
0 0 0 0
0 0 0 0
0 0 0 0
0 0 0 0
0 0 0 0
0 0 0 0
0 0 0 0
0 0 0 0
0 0 0 0
0 0 0 0
0 0 0 0
0 0 0 0
0 0 0 0
0 0 0 0
0 0 0 0
0 0 0 0
0 0 0 0
0 0 0 0
0 0 0 0
0 0 0 0
0 0 0 0
0 0 0 0
0 0 0 0
0 0 0 0
0 0 0 0
0 0 0 0
0 0 0 0
0 0 0 0
0 0 0 0
0 0 0 0
0 0 0 0
0 0 0 0
0 0 0 0
0 0 0 0
0 0 0 0
0 0 0 0
0 0 0 0
0 0 0 0
0 0 0 0
0 0 0 0
0 0 0 0
0 0 0 0
0 0 0 0
0 0 0 0
0 0 0 0
0 0 0 0
0 0 0 0
0 0 0 0
0 0 0 0
0 0 0 0
0 0 0 0
0 0 0 0
0 0 0 0
0 0 0 0
0 0 0 0
0 0 0 0
0 0 0 0
0 0 0 0
0 0 0 0
0 0 0 0
0 0 0 0
0 0 0 0
0 0 0 0
0 0 0 0
0 0 0 0
0 0 0 0
0 0 0 0
0 0 0 0
0 0 0 0
0 0 0 0
0 0 0 0
0 0 0 0
0 0 0 0
0 0 0 0
0 0 0 0
0 0 0 0
0 0 0 0
0 0 0 0
0 0 0 0
0 0 0 0
0 0 0 0
0 0 0 0
0 0 0 0
0 0 0 0
0 0 0 0
0 0 0 0
0 0 0 0
0 0 0 0
0 0 0 0
0 0 0 0
0 0 0 0
0 0 0 0
0 0 0 0
0 0 0 0
0 0 0 0
0 0 0 0
0 0 0 0
0 0 0 0
0 0 0 0
0 0 0 0
0 0 0 0
0 0 0 0
0 0 0 0
0 0 0 0
0 0 0 0
0 0 0 0
0 0 0 0
0 0 0 0
0 0 0 0
0 0 0 0
0 0 0 0
0 0 0 0
0 0 0 0
0 0 0 0
0 0 0 0
0 0 0 0
0 0 0 0
0 0 0 0
0 0 0 0
0 0 0 0
0 0 0 0
0 0 0 0
0 0 0 0
0 0 0 0
0 0 0 0
0 0 0 0
0 0 0 0
0 0 0 0
0 0 0 0
0 0 0 0
0 0 0 0
0 0 0 0
0 0 0 0
0 0 0 0
0 0 0 0
0 0 0 0
0 0 0 0
0 0 0 0
0 0 0 0
0 0 0 0
0 0 0 0
0 0 0 0
0 0 0 0
0 0 0 0
0 0 0 0
0 0 0 0
0 0 0 0
0 0 0 0
0 0 0 0
0 0 0 0
0 0 0 0
0 0 0 0
0 0 0 0
0 0 0 0
0 0 0 0
0 0 0 0
0 0 0 0
0 0 0 0
0 0 0 0
0 0 0 0
0 0 0 0
0 0 0 0
0 0 0 0
0 0 0 0
0 0 0 0
0 0 0 0
0 0 0 0
0 0 0 0
1 102 103 234
1 102 103 234
1 102 103 233
1 102 103 232
1 102 103 232
4 101 103 223
3 100 103 220
2 99 103 217
2 99 103 217
2 102 103 213
2 102 103 213
2 102 103 213
7 103 98 213
7 103 98 213
7 103 98 213
7 103 98 213
7 103 98 213
7 103 98 213
25 103 76 213
24 103 78 213
24 103 78 213
24 103 82 204
24 103 82 204
28 103 82 204
28 99 85 200
28 99 85 200
28 99 89 200
33 99 89 201
33 99 89 195
33 99 89 195
33 99 93 195
33 99 83 195
42 99 83 195
41 98 89 195
46 99 81 195
50 99 78 195
56 99 78 189
56 99 78 189
61 99 78 188
64 99 78 188
68 96 78 181
71 95 78 181
78 98 70 174
78 98 70 174
81 99 69 175
83 99 69 175
87 99 67 175
89 99 66 175
92 99 61 175
96 99 60 175
96 97 65 173
102 96 64 173
103 96 61 173
109 97 56 170
109 97 56 170
112 95 49 170
112 95 56 170
117 96 56 164
117 96 56 164
121 95 56 165
121 95 60 165
121 95 60 165
122 96 60 159
122 96 60 159
122 97 65 157
122 97 65 157
123 95 64 157
124 97 64 157
124 97 64 157
127 97 64 156
127 97 64 156
130 96 64 156
136 95 60 156
138 95 60 157
141 95 60 157
142 95 60 153
145 96 60 153
146 95 60 153
147 95 60 146
150 95 60 147
153 95 56 148
153 95 56 148
156 95 56 148
156 95 56 148
157 95 56 148
161 95 56 148
163 95 56 148
166 95 56 148
168 95 56 148
167 95 58 148
167 95 58 148
171 95 58 148
171 95 58 148
177 95 46 148
176 95 46 144
181 95 46 144
182 95 46 144
187 95 46 144
189 95 46 139
189 95 48 139
189 95 50 139
189 95 50 139
189 95 50 139
189 95 51 139
189 95 47 135
189 95 51 135
189 95 56 135
193 95 56 135
193 95 56 135
196 95 56 135
199 95 56 135
204 95 56 135
202 93 56 135
207 91 56 135
207 91 56 135
209 91 56 135
216 91 50 130
216 91 50 130
220 91 46 130
220 91 46 130
223 91 46 130
223 91 46 130
230 91 38 130
229 91 40 130
235 91 42 130
235 91 42 130
233 91 49 130
233 91 49 130
242 90 49 130
242 90 49 130
242 90 49 130
242 90 49 130
242 90 49 130
243 90 49 130
243 90 49 130
245 90 49 130
245 90 49 130
248 90 49 130
248 90 49 130
257 90 40 130
257 90 40 130
260 90 35 130
260 90 35 130
264 90 33 130
263 90 44 123
263 90 50 122
263 90 50 122
264 90 50 122
268 91 51 122
268 91 51 122
268 91 51 122
268 91 51 122
268 91 51 122
273 91 51 122
276 91 51 122
276 91 51 122
276 91 51 122
276 91 51 122
279 90 51 122
282 90 51 122
287 90 41 122
287 90 41 122
291 90 41 122
293 90 42 122
296 90 42 122
299 90 42 122
301 90 42 122
301 90 42 122
304 91 42 122
304 91 42 122
304 91 42 122
308 89 42 122
309 89 42 122
309 89 42 122
313 88 42 122
315 87 42 122
317 86 42 122
317 86 42 122
317 86 42 122
322 86 42 122
328 86 42 122
330 86 42 122
330 86 42 122
331 86 42 122
332 86 42 122
332 86 42 122
338 86 42 122
338 86 42 122
342 86 42 122
346 86 42 122
346 86 42 122
347 86 42 122
349 86 42 122
351 86 42 122
353 86 42 122
354 86 42 122
356 86 42 122
359 86 42 122
361 86 42 122
365 86 42 122
367 86 42 122
367 86 42 122
367 86 42 122
370 86 42 122
371 86 42 122
371 86 42 122
375 86 42 122
376 86 42 122
379 86 42 122
384 86 42 122
388 86 42 122
390 86 42 122
393 85 42 122
398 85 42 122
399 85 42 122
399 85 42 122
398 85 42 122
398 85 42 122
402 86 42 122
406 86 42 122
406 86 42 122
406 86 42 122
407 86 42 122
410 87 42 122
413 87 42 122
414 86 42 122
417 86 42 122
420 86 42 122
423 86 42 122
424 86 42 122
429 85 42 122
429 85 42 122
431 85 42 122
431 85 42 122
433 85 42 122
438 85 42 122
441 85 42 122
442 85 42 122
449 85 42 122
449 85 42 122
450 85 42 122
451 85 42 122
453 85 42 122
453 85 42 122
453 85 42 122
455 85 42 122
458 85 42 122
464 85 42 122
464 85 42 122
467 85 42 122
470 85 42 122
470 85 42 122
470 85 42 122
471 85 42 122
475 86 42 122
477 86 42 122
479 86 42 122
482 86 42 122
481 85 42 122
485 82 42 122
490 82 42 122
495 82 42 122
495 82 42 122
496 82 42 122
500 82 42 122
503 82 42 122
504 83 42 122
504 82 42 122
504 82 42 122
510 82 42 122
510 83 42 122
509 82 44 122
509 82 44 122
511 82 42 122
513 82 46 122
513 82 46 122
513 82 46 121
520 82 47 121
520 82 47 121
520 82 47 121
520 82 52 121
520 82 48 121
519 82 55 121
519 82 55 121
521 82 55 121
522 82 56 121
525 82 56 121
525 82 56 121
522 82 56 126
522 82 56 126
526 82 56 126
526 82 56 126
526 82 56 126
526 82 56 126
526 82 56 126
523 82 56 126
522 82 56 126
522 82 56 126
522 82 56 126
522 82 56 123
522 82 56 127
522 82 53 126
522 82 52 128
522 82 51 130
522 82 51 130
519 82 51 130
519 82 51 130
518 82 51 130
518 82 51 135
518 82 51 135
518 82 51 135
517 82 51 135
517 82 51 135
517 82 51 141
516 82 51 140
516 82 51 140
516 82 51 139
515 82 51 140
515 82 51 140
513 82 51 139
513 82 51 139
513 82 51 139
513 82 51 141
513 82 51 141
513 82 54 139
513 82 54 140
513 81 55 139
510 81 54 141
507 81 59 141
507 81 59 143
507 81 59 143
507 81 59 143
507 81 59 143
507 83 59 144
507 83 59 144
507 82 59 144
504 83 53 144
504 83 53 144
504 82 52 144
504 82 51 148
501 82 51 148
500 82 51 148
498 82 51 148
498 82 51 148
496 82 51 148
496 82 51 153
496 82 47 153
496 82 47 153
492 81 47 153
491 81 47 157
491 85 47 153
487 85 48 153
487 85 48 153
484 85 47 153
484 85 47 153
483 85 47 153
482 85 47 153
479 85 47 153
479 85 47 153
478 85 47 153
471 85 52 153
471 85 52 153
466 85 53 153
466 85 53 153
459 85 60 153
459 85 60 161
455 85 60 161
452 85 60 161
452 85 60 161
451 85 60 161
447 86 60 161
445 86 60 161
442 85 60 161
438 85 60 161
437 84 60 161
437 84 60 161
431 83 60 161
429 82 60 161
429 82 60 161
429 82 54 166
429 84 54 166
424 84 54 166
424 84 54 170
424 84 54 170
424 84 49 170
421 83 49 170
418 82 49 170
420 88 49 170
420 88 49 170
418 88 49 170
415 86 50 173
414 85 51 174
412 85 51 175
409 85 51 175
407 86 51 175
407 86 51 175
402 87 51 175
399 86 56 175
395 86 56 175
393 88 56 175
397 87 56 175
397 87 56 175
394 88 56 175
392 87 56 175
389 89 56 175
388 90 57 180
385 90 56 180
380 90 56 180
378 90 56 180
377 90 56 180
372 90 58 180
372 90 58 180
369 90 59 179
364 90 59 179
363 90 59 185
360 90 60 190
358 89 60 196
356 91 61 196
356 91 61 196
356 91 60 196
356 91 64 196
356 91 60 196
356 91 60 201
356 91 60 201
351 91 60 201
351 91 60 201
344 90 63 201
344 90 63 201
344 90 63 201
336 90 64 205
331 88 68 206
328 88 69 206
327 89 69 206
322 91 69 206
325 91 69 206
325 91 69 206
319 91 69 206
316 91 69 206
317 94 68 206
307 96 70 205
307 96 70 205
301 95 73 211
301 95 73 211
300 95 73 210
296 94 73 210
291 93 77 210
291 93 77 212
286 93 78 212
286 93 78 217
274 95 74 222
274 95 74 222
273 95 64 223
269 95 66 222
261 95 72 222
258 97 72 223
258 97 72 223
252 95 70 223
245 95 69 223
245 95 69 223
245 95 69 223
238 95 69 223
238 95 69 223
238 95 69 223
231 95 69 223
222 95 69 223
216 95 69 223
216 95 69 223
216 95 69 223
213 95 69 223
207 96 73 223
207 96 73 223
204 95 73 223
199 99 73 223
199 98 73 223
199 95 73 223
193 94 73 223
187 95 73 223
184 95 73 216
177 97 69 216
172 97 69 216
170 95 69 216
170 95 69 216
170 95 69 210
167 96 69 206
167 96 69 206
168 98 69 206
168 98 69 206
167 98 69 206
167 98 69 206
162 99 69 201
162 99 69 201
154 100 69 201
150 96 69 201
150 96 69 201
149 95 69 201
149 95 69 194
149 95 69 194
149 95 69 194
144 96 69 190
144 96 69 190
144 98 69 189
144 98 69 189
144 98 69 188
149 98 65 188
149 98 65 188
149 98 64 188
149 95 64 188
157 96 64 182
159 95 58 179
159 95 58 179
161 95 58 179
161 95 58 179
161 95 58 179
171 95 48 172
171 95 48 172
171 95 47 171
171 95 47 170
171 95 47 170
171 95 47 170
173 96 47 170
173 96 47 170
179 95 43 170
179 95 47 170
179 95 47 170
179 95 47 170
183 93 47 170
183 93 50 170
187 93 50 170
187 93 51 170
187 93 51 170
187 93 51 170
189 95 51 157
189 95 51 157
189 95 51 157
189 95 51 157
189 95 51 157
189 95 51 157
189 95 51 157
193 95 54 157
193 95 54 157
193 95 54 157
201 94 49 157
201 94 49 157
201 94 51 157
203 94 51 149
203 94 51 149
202 94 51 144
208 95 51 144
210 94 51 144
210 94 51 144
212 95 51 144
212 95 51 144
215 95 51 144
216 95 51 144
218 95 51 144
218 94 51 144
219 93 51 144
226 92 46 140
226 92 46 140
229 91 46 139
229 91 46 139
229 91 48 139
235 91 45 139
238 91 47 133
238 91 47 133
240 91 47 133
240 91 48 133
244 91 48 133
244 91 48 133
248 91 47 133
250 91 47 133
251 91 47 133
253 91 47 133
254 91 47 133
256 91 47 133
260 91 47 133
263 89 47 127
263 89 47 127
265 89 47 126
266 89 47 126
268 89 47 126
272 90 47 126
272 90 47 126
276 90 47 126
276 90 47 126
284 90 42 126
284 90 42 126
283 90 42 126
286 90 42 126
288 90 42 126
289 88 42 126
292 87 42 126
293 86 42 126
295 86 42 126
300 86 42 120
300 87 42 121
303 86 42 121
303 86 42 122
308 87 42 117
308 87 42 117
311 86 42 117
310 88 42 117
312 86 42 117
314 86 42 117
315 86 42 117
315 86 42 117
318 86 42 117
321 86 42 117
323 86 42 117
325 86 42 117
327 86 42 117
327 86 42 117
329 86 42 117
332 86 42 117
332 86 42 117
332 86 42 117
334 86 42 117
336 86 42 117
336 86 42 117
336 86 42 117
337 86 42 117
340 86 37 115
342 86 37 115
343 86 37 115
344 86 39 115
344 86 40 112
346 86 40 113
345 86 42 113
349 86 42 113
349 86 42 113
349 86 42 113
349 86 42 113
349 86 42 108
349 86 42 108
349 86 42 108
352 86 42 108
354 86 42 108
354 86 42 108
353 86 42 108
353 86 42 108
353 86 42 108
353 86 42 108
353 86 42 108
353 86 42 104
354 86 42 104
354 86 42 104
353 86 42 104
353 86 42 104
353 86 42 104
353 86 38 104
353 86 38 104
353 86 38 104
349 86 38 104
350 85 38 104
350 85 38 104
349 85 38 104
347 85 38 104
347 85 38 104
347 85 38 100
347 85 38 100
344 85 38 99
344 85 38 99
344 85 38 99
341 85 38 99
341 85 38 99
340 86 37 100
340 86 37 100
339 86 37 99
339 86 37 99
336 86 38 99
336 86 38 99
336 86 38 99
336 86 38 99
332 85 38 99
332 85 38 99
331 85 38 99
331 85 29 99
331 85 29 99
331 86 29 99
327 88 30 96
327 87 27 96
323 86 32 95
322 88 32 95
322 88 32 95
318 87 35 95
318 87 35 95
316 88 33 95
313 90 33 95
313 90 33 95
310 90 33 95
310 90 33 95
304 91 33 95
304 91 33 95
304 91 33 91
300 92 33 91
300 91 33 93
300 91 33 93
296 91 33 93
291 91 38 93
291 91 38 93
287 91 38 93
287 91 38 93
285 91 38 93
283 91 38 93
280 91 38 93
282 91 38 93
278 91 38 93
277 91 38 93
277 91 38 93
274 92 32 93
274 92 32 93
273 91 32 93
269 91 34 96
265 91 33 95
264 91 35 95
262 92 35 95
261 91 38 95
261 91 38 95
258 91 38 95
255 91 38 95
255 91 38 95
251 91 38 95
251 91 33 98
251 91 33 98
251 91 33 98
248 91 33 98
242 90 33 98
242 90 33 98
238 91 33 99
235 91 33 99
235 91 33 99
234 91 33 99
233 91 33 99
233 91 37 99
230 91 38 99
227 91 38 99
224 91 38 99
220 91 38 99
220 91 38 99
220 91 38 99
220 91 38 99
214 91 38 99
211 91 38 99
211 91 38 99
211 91 38 103
211 91 38 103
208 91 38 103
207 91 38 102
207 91 38 102
207 91 38 106
209 91 29 106
210 91 26 106
207 91 28 106
203 91 30 105
203 91 30 105
202 91 29 104
199 90 29 107
192 91 35 106
192 91 35 106
192 91 33 107
192 91 33 107
189 94 33 107
186 93 33 107
185 93 33 112
184 93 31 112
179 93 33 112
176 95 33 112
174 93 33 113
173 92 33 113
171 91 32 113
171 91 32 113
165 91 40 113
161 91 40 113
158 91 40 113
154 91 40 116
153 93 40 116
153 93 40 116
153 93 42 116
151 94 42 116
149 95 42 116
149 95 42 116
149 95 42 116
149 95 40 120
145 95 40 121
145 95 40 121
144 95 40 121
140 94 40 122
140 94 40 122
137 94 40 122
137 94 40 122
135 94 40 126
135 94 40 126
130 92 43 130
130 92 43 130
130 94 42 130
130 94 42 130
130 97 42 126
127 95 42 126
122 95 42 126
119 97 47 126
119 97 47 126
116 95 47 126
113 95 47 126
109 95 47 126
109 95 51 133
108 95 51 134
104 97 51 135
104 97 51 135
104 96 51 135
100 98 51 135
99 99 51 135
99 99 51 135
98 99 51 135
96 99 51 135
96 99 51 139
91 99 51 139
91 99 51 139
91 99 51 139
87 99 51 139
87 99 51 140
84 102 47 140
84 102 47 140
81 99 47 147
81 99 47 147
78 101 47 145
74 101 47 145
71 101 47 145
66 104 47 145
66 104 47 145
61 102 47 144
60 102 49 144
53 101 49 144
47 99 56 153
44 99 56 153
38 101 56 153
33 101 56 153
33 100 54 157
33 100 54 157
29 104 55 157
26 105 55 157
24 104 55 164
24 104 55 164
16 104 56 164
16 104 56 170
9 104 56 170
9 104 54 170
4 104 54 170
1 104 54 170
1 104 54 170
1 104 54 170
0 0 0 0
0 0 0 0
0 0 0 0
0 0 0 0
0 0 0 0
0 0 0 0
0 0 0 0
0 0 0 0
0 0 0 0
0 0 0 0
0 0 0 0
0 0 0 0
0 0 0 0
0 0 0 0
0 0 0 0
0 0 0 0
0 0 0 0
0 0 0 0
0 0 0 0
0 0 0 0
0 0 0 0
0 0 0 0
0 0 0 0
0 0 0 0
0 0 0 0
0 0 0 0
0 0 0 0
0 0 0 0
0 0 0 0
0 0 0 0
0 0 0 0
0 0 0 0
0 0 0 0
0 0 0 0
0 0 0 0
0 0 0 0
0 0 0 0
0 0 0 0
0 0 0 0
0 0 0 0
0 0 0 0
0 0 0 0
0 0 0 0
0 0 0 0
0 0 0 0
0 0 0 0
0 0 0 0
0 0 0 0
0 0 0 0
0 0 0 0
0 0 0 0
0 0 0 0
0 0 0 0
0 0 0 0
0 0 0 0
0 0 0 0
0 0 0 0
0 0 0 0
0 0 0 0
0 0 0 0
0 0 0 0
0 0 0 0
0 0 0 0
0 0 0 0
0 0 0 0
0 0 0 0
0 0 0 0
0 0 0 0
0 0 0 0
0 0 0 0
0 0 0 0
0 0 0 0
0 0 0 0
0 0 0 0
0 0 0 0
0 0 0 0
0 0 0 0
0 0 0 0
0 0 0 0
0 0 0 0
0 0 0 0
0 0 0 0
0 0 0 0
0 0 0 0
0 0 0 0
0 0 0 0
0 0 0 0
0 0 0 0
0 0 0 0
0 0 0 0
0 0 0 0
0 0 0 0
0 0 0 0
0 0 0 0
0 0 0 0
0 0 0 0
0 0 0 0
0 0 0 0
0 0 0 0
0 0 0 0
0 0 0 0
0 0 0 0
0 0 0 0
0 0 0 0
0 0 0 0
0 0 0 0
0 0 0 0
0 0 0 0
0 0 0 0
0 0 0 0
0 0 0 0
0 0 0 0
0 0 0 0
0 0 0 0
0 0 0 0
0 0 0 0
0 0 0 0
0 0 0 0
0 0 0 0
0 0 0 0
0 0 0 0
0 0 0 0
0 0 0 0
0 0 0 0
0 0 0 0
0 0 0 0
0 0 0 0
0 0 0 0
0 0 0 0
0 0 0 0
0 0 0 0
0 0 0 0
0 0 0 0
0 0 0 0
0 0 0 0
0 0 0 0
0 0 0 0
0 0 0 0
0 0 0 0
0 0 0 0
0 0 0 0
0 0 0 0
0 0 0 0
0 0 0 0
0 0 0 0
0 0 0 0
0 0 0 0
0 0 0 0
0 0 0 0
0 0 0 0
0 0 0 0
0 0 0 0
0 0 0 0
0 0 0 0
0 0 0 0
0 0 0 0
0 0 0 0
0 0 0 0
0 0 0 0
0 0 0 0
0 0 0 0
0 0 0 0
0 0 0 0
0 0 0 0
0 0 0 0
0 0 0 0
0 0 0 0
0 0 0 0
0 0 0 0
0 0 0 0
0 0 0 0
0 0 0 0
0 0 0 0
0 0 0 0
0 0 0 0
0 0 0 0
0 0 0 0
0 0 0 0
0 0 0 0
0 0 0 0
0 0 0 0
0 0 0 0
0 0 0 0
0 0 0 0
0 0 0 0
0 0 0 0
0 0 0 0
0 0 0 0
0 0 0 0
0 0 0 0
0 0 0 0
0 0 0 0
0 0 0 0
0 0 0 0
0 0 0 0
0 0 0 0
0 0 0 0
0 0 0 0
0 0 0 0
0 0 0 0
0 0 0 0
0 0 0 0
0 0 0 0
0 0 0 0
0 0 0 0
0 0 0 0
0 0 0 0
0 0 0 0
0 0 0 0
0 0 0 0
0 0 0 0
0 0 0 0
0 0 0 0
0 0 0 0
0 0 0 0
0 0 0 0
0 0 0 0
0 0 0 0
0 0 0 0
0 0 0 0
0 0 0 0
0 0 0 0
0 0 0 0
0 0 0 0
0 0 0 0
0 0 0 0
0 0 0 0
0 0 0 0
0 0 0 0
0 0 0 0
0 0 0 0
0 0 0 0
0 0 0 0
0 0 0 0
0 0 0 0
0 0 0 0
0 0 0 0
0 0 0 0
0 0 0 0
0 0 0 0
0 0 0 0
0 0 0 0
0 0 0 0
0 0 0 0
0 0 0 0
0 0 0 0
0 0 0 0
0 0 0 0
0 0 0 0
0 0 0 0
0 0 0 0
0 0 0 0
0 0 0 0
0 0 0 0
0 0 0 0
0 0 0 0
0 0 0 0
0 0 0 0
0 0 0 0
0 0 0 0
0 0 0 0
0 0 0 0
0 0 0 0
0 0 0 0
0 0 0 0
0 0 0 0
0 0 0 0
0 0 0 0
0 0 0 0
0 0 0 0
0 0 0 0
0 0 0 0
0 0 0 0
0 0 0 0
0 0 0 0
0 0 0 0
0 0 0 0
0 0 0 0
0 0 0 0
0 0 0 0
0 0 0 0
0 0 0 0
0 0 0 0
0 0 0 0
0 0 0 0
0 0 0 0
0 0 0 0
0 0 0 0
0 0 0 0
0 0 0 0
0 0 0 0
0 0 0 0
0 0 0 0
0 0 0 0
0 0 0 0
0 0 0 0
0 0 0 0
0 0 0 0
0 0 0 0
0 0 0 0
0 0 0 0
0 0 0 0
0 0 0 0
0 0 0 0
0 0 0 0
0 0 0 0
0 0 0 0
0 0 0 0
0 0 0 0
0 0 0 0
0 0 0 0
0 0 0 0
0 0 0 0
0 0 0 0
0 0 0 0
0 0 0 0
0 0 0 0
0 0 0 0
0 0 0 0
0 0 0 0
0 0 0 0
0 0 0 0
0 0 0 0
0 0 0 0
0 0 0 0
0 0 0 0
0 0 0 0
0 0 0 0
0 0 0 0
0 0 0 0
0 0 0 0
0 0 0 0
0 0 0 0
0 0 0 0
0 0 0 0
0 0 0 0
0 0 0 0
0 0 0 0
0 0 0 0
0 0 0 0
0 0 0 0
0 0 0 0
0 0 0 0
0 0 0 0
0 0 0 0
0 0 0 0
0 0 0 0
0 0 0 0
0 0 0 0
0 0 0 0
0 0 0 0
0 0 0 0
0 0 0 0
0 0 0 0
0 0 0 0
0 0 0 0
0 0 0 0
0 0 0 0
0 0 0 0
0 0 0 0
0 0 0 0
0 0 0 0
0 0 0 0
0 0 0 0
0 0 0 0
0 0 0 0
0 0 0 0
0 0 0 0
0 0 0 0
0 0 0 0
0 0 0 0
0 0 0 0
0 0 0 0
0 0 0 0
0 0 0 0
0 0 0 0
0 0 0 0
595 82 44 152
595 82 44 152
590 82 45 153
590 82 45 153
587 79 45 153
587 81 44 153
581 80 46 153
577 81 46 146
575 81 46 146
572 81 47 146
569 81 47 146
567 80 47 146
565 81 47 142
565 81 47 143
561 81 47 144
559 81 47 144
559 81 47 144
556 81 47 144
550 82 51 141
549 81 51 140
549 82 51 140
547 82 51 139
545 82 51 139
543 81 51 139
536 81 51 139
534 81 51 139
528 83 51 132
521 82 51 132
521 82 51 132
519 82 51 130
515 82 51 130
515 82 51 130
509 82 51 130
509 82 51 130
507 84 51 130
507 84 51 130
504 83 51 130
504 83 51 130
500 82 51 130
499 82 51 130
498 82 51 130
498 82 42 130
498 82 42 130
498 82 37 130
496 82 35 130
492 82 34 130
488 82 37 130
486 82 37 130
482 82 40 130
482 82 40 124
478 82 40 124
474 83 40 124
474 83 40 124
473 82 40 124
469 82 40 124
469 82 40 124
461 83 40 122
461 83 40 122
459 82 40 122
459 82 40 122
451 82 40 122
451 82 40 122
450 82 40 122
445 83 40 122
444 83 43 122
440 82 43 122
438 84 43 122
438 84 43 122
435 84 42 122
435 84 42 122
434 84 42 122
429 84 42 122
429 84 42 122
429 84 42 122
424 83 42 122
424 83 42 122
420 82 42 122
420 82 42 122
417 82 42 122
412 85 42 116
409 85 43 116
407 85 43 116
407 85 43 116
407 85 42 116
407 85 42 116
402 85 42 116
402 85 42 116
401 85 42 116
399 85 42 116
395 86 42 112
393 86 42 113
392 86 42 113
389 84 42 113
389 84 42 113
386 86 42 109
386 86 42 109
381 86 39 110
379 86 38 110
379 86 38 110
377 86 38 109
377 86 38 109
376 86 35 112
375 86 34 113
375 86 34 113
375 86 33 113
372 86 33 113
372 86 33 113
371 86 33 107
371 86 33 107
366 87 33 108
365 86 33 108
361 85 33 108
361 85 33 108
360 84 33 108
360 84 33 108
358 86 33 104
358 86 33 104
353 86 33 104
349 86 33 104
349 86 33 104
344 86 33 104
344 86 33 104
344 86 33 104
340 86 33 104
338 86 33 104
337 86 33 104
336 86 33 104
335 86 33 104
331 87 33 104
328 86 33 104
322 88 33 104
322 88 33 104
322 87 33 104
316 88 33 104
316 88 33 104
316 87 33 104
316 86 33 104
312 88 33 102
310 87 33 102
309 86 33 102
309 86 33 105
306 87 33 105
302 86 33 104
298 87 33 104
298 87 33 104
296 86 33 104
295 86 31 101
294 86 33 111
292 90 33 107
289 90 33 108
287 90 33 108
285 90 33 108
285 90 33 108
281 90 33 108
279 90 33 108
278 90 33 108
275 88 33 108
271 89 33 108
273 89 33 108
269 90 33 108
269 90 33 108
265 90 33 108
265 90 33 108
259 91 33 108
259 91 33 108
256 89 36 108
256 89 36 108
251 90 36 108
247 90 37 108
247 90 37 108
245 90 37 108
241 91 37 108
241 91 37 108
237 91 38 108
233 88 39 111
232 88 39 111
230 91 39 111
230 91 39 111
229 91 38 111
229 91 38 111
226 90 38 111
222 91 38 111
222 91 38 111
224 91 38 111
224 91 38 111
219 91 38 111
219 91 38 111
217 91 32 111
217 91 32 111
213 91 34 111
210 92 34 111
210 91 36 111
207 91 38 111
207 91 38 111
206 91 38 111
202 91 38 116
202 91 38 116
201 91 38 116
198 92 38 116
198 92 38 116
195 91 38 116
192 91 41 116
192 91 41 116
192 91 41 116
192 91 41 120
187 91 41 120
187 91 41 121
187 91 42 121
185 91 42 121
184 91 42 124
184 91 42 124
184 91 42 126
184 91 42 126
183 93 42 126
183 93 42 126
183 93 42 126
183 93 42 126
183 93 45 126
183 93 45 126
183 93 45 126
183 93 45 129
184 92 45 129
184 92 45 129
184 91 45 132
184 91 45 132
184 91 45 136
184 91 45 136
183 93 46 135
183 93 46 135
183 96 47 135
180 93 47 138
180 93 47 138
180 93 47 138
180 93 47 141
180 93 47 141
178 93 47 140
178 93 47 140
182 93 47 139
176 93 51 141
176 93 52 140
176 93 52 140
176 93 52 142
176 93 54 142
176 93 54 142
176 93 54 146
176 93 51 146
176 93 51 151
176 93 51 151
180 93 51 151
180 93 51 151
180 93 51 151
183 93 51 151
187 93 51 151
187 93 51 151
187 93 51 151
184 93 51 151
182 93 51 151
182 93 51 151
181 93 51 151
180 93 51 151
181 94 51 161
181 94 51 161
180 94 51 161
180 94 51 167
177 94 51 167
177 94 51 167
173 94 54 166
172 94 59 166
168 94 59 166
168 94 59 166
167 94 59 166
162 95 59 166
162 95 56 166
162 95 56 166
162 95 56 182
162 95 54 182
157 96 55 183
155 97 56 183
153 99 56 183
153 99 56 183
153 99 54 183
151 101 55 183
149 99 55 183
149 99 55 183
142 99 55 183
141 99 55 184
136 98 55 190
136 98 57 189
132 99 56 189
128 99 63 189
124 100 63 189
117 97 69 199
113 98 69 199
110 100 69 199
108 100 69 199
102 100 69 199
98 99 69 199
92 99 69 199
91 99 69 205
87 99 63 206
87 99 63 206
85 99 73 206
76 101 73 213
76 101 73 213
70 99 73 217
70 99 73 217
60 100 73 217
58 100 73 217
47 103 73 217
47 103 73 217
42 104 73 217
34 104 73 217
28 104 73 217
28 104 73 217
21 105 73 217
21 105 73 217
12 104 73 217
12 104 73 217
11 104 73 217
7 104 73 217
3 104 73 217
1 106 73 217
1 106 73 217
1 105 73 217
1 104 73 217
1 104 73 217
1 104 73 217
0 0 0 0
0 0 0 0
0 0 0 0
0 0 0 0
0 0 0 0
0 0 0 0
0 0 0 0
0 0 0 0
0 0 0 0
0 0 0 0
0 0 0 0
0 0 0 0
0 0 0 0
0 0 0 0
0 0 0 0
0 0 0 0
0 0 0 0
0 0 0 0
0 0 0 0
0 0 0 0
0 0 0 0
0 0 0 0
0 0 0 0
0 0 0 0
0 0 0 0
0 0 0 0
0 0 0 0
0 0 0 0
0 0 0 0
0 0 0 0
0 0 0 0
0 0 0 0
0 0 0 0
0 0 0 0
0 0 0 0
0 0 0 0
0 0 0 0
0 0 0 0
0 0 0 0
0 0 0 0
0 0 0 0
0 0 0 0
0 0 0 0
0 0 0 0
0 0 0 0
0 0 0 0
0 0 0 0
0 0 0 0
0 0 0 0
0 0 0 0
0 0 0 0
0 0 0 0
0 0 0 0
0 0 0 0
0 0 0 0
0 0 0 0
0 0 0 0
0 0 0 0
0 0 0 0
0 0 0 0
0 0 0 0
0 0 0 0
0 0 0 0
0 0 0 0
0 0 0 0
0 0 0 0
0 0 0 0
0 0 0 0
0 0 0 0
0 0 0 0
0 0 0 0
0 0 0 0
0 0 0 0
0 0 0 0
0 0 0 0
0 0 0 0
0 0 0 0
0 0 0 0
0 0 0 0
0 0 0 0
0 0 0 0
0 0 0 0
0 0 0 0
0 0 0 0
0 0 0 0
0 0 0 0
0 0 0 0
0 0 0 0
0 0 0 0
0 0 0 0
0 0 0 0
0 0 0 0
0 0 0 0
0 0 0 0
0 0 0 0
0 0 0 0
0 0 0 0
0 0 0 0
0 0 0 0
0 0 0 0
0 0 0 0
0 0 0 0
0 0 0 0
0 0 0 0
0 0 0 0
0 0 0 0
0 0 0 0
0 0 0 0
0 0 0 0
0 0 0 0
0 0 0 0
0 0 0 0
0 0 0 0
0 0 0 0
0 0 0 0
2 100 40 132
5 99 40 131
11 99 40 131
11 99 40 131
11 99 40 130
15 99 40 130
16 99 42 130
18 99 39 130
23 99 39 130
24 99 39 130
28 99 45 130
32 99 45 130
32 99 45 130
35 99 45 130
36 98 45 130
42 98 45 130
42 98 45 130
44 98 46 130
45 98 46 130
49 97 46 130
51 97 46 130
51 96 50 130
53 95 51 130
52 95 51 130
60 99 42 127
60 99 42 127
62 99 42 126
66 99 42 126
69 99 43 126
72 99 42 126
75 98 42 126
75 98 42 126
78 98 42 126
81 97 42 126
81 97 42 126
85 95 42 126
87 97 42 126
87 97 42 126
89 96 42 126
91 95 42 126
95 95 42 126
97 95 42 126
102 97 42 123
104 97 42 123
104 96 42 123
106 95 42 123
107 95 42 123
110 96 42 123
113 95 42 123
116 98 42 126
116 98 42 126
118 97 42 126
119 96 42 126
121 95 42 126
121 95 45 126
121 96 45 126
123 97 45 126
127 96 45 126
127 96 45 126
127 98 45 126
131 99 45 126
135 99 46 126
135 99 46 126
136 97 47 130
140 96 47 130
140 96 47 130
142 96 47 130
141 95 47 134
144 97 47 135
146 96 47 135
147 95 47 143
148 98 47 144
149 98 47 144
151 98 47 144
151 98 47 144
151 98 47 144
152 99 47 144
152 99 47 144
154 99 47 144
153 97 50 144
156 96 51 144
156 96 51 144
156 96 51 144
158 95 51 144
158 96 56 144
158 96 56 144
158 96 56 144
164 96 56 144
162 96 56 144
162 98 56 144
166 98 56 144
171 99 56 144
171 98 56 144
175 98 51 150
176 96 51 151
178 95 51 151
182 96 51 152
182 95 51 155
184 95 51 156
186 95 51 162
185 95 51 168
191 95 51 168
191 95 51 168
193 95 56 168
193 95 56 168
195 95 56 168
195 95 56 168
198 95 56 172
198 95 56 172
198 95 56 171
201 95 56 170
201 95 56 170
204 95 56 170
206 93 56 175
211 93 56 175
211 93 56 175
211 93 60 175
216 93 57 175
220 93 56 175
222 93 56 175
222 93 56 175
229 94 56 175
230 94 56 175
231 95 56 175
238 92 56 177
240 92 56 180
243 91 54 180
247 91 54 179
251 91 54 188
254 90 55 190
258 92 56 194
260 93 56 194
261 92 59 194
265 93 59 194
268 93 59 194
272 93 60 194
273 93 60 194
277 93 60 194
282 93 60 194
284 93 60 194
291 92 53 194
293 92 52 197
296 91 52 199
300 90 52 199
304 91 51 199
304 91 56 199
308 91 56 199
312 91 56 199
312 91 56 199
318 91 56 199
322 91 56 199
328 91 56 199
332 91 56 199
338 91 56 199
344 91 56 199
347 91 56 199
351 91 56 199
353 91 56 199
358 91 56 199
359 89 56 210
362 89 56 210
368 91 61 210
368 91 61 210
372 91 61 210
376 89 60 210
383 90 62 210
387 90 62 210
394 90 62 210
398 90 62 210
406 90 61 210
411 90 61 210
418 89 61 210
419 89 61 210
421 89 61 210
421 89 61 210
422 89 63 210
425 89 63 210
429 91 63 210
430 91 63 210
433 90 64 210
433 90 64 210
435 90 64 210
445 90 64 210
449 90 64 210
449 90 64 210
453 90 64 210
454 88 64 210
459 86 64 210
465 86 64 204
467 86 64 205
473 86 64 206
478 86 64 206
478 86 64 206
478 86 64 206
478 86 69 206
482 86 69 206
487 86 69 206
491 86 69 206
497 86 69 206
498 85 69 195
501 85 69 195
504 85 69 195
504 85 69 195
505 85 69 195
507 85 69 195
513 85 69 195
519 85 69 195
518 85 69 189
518 85 69 189
518 85 69 188
518 85 69 188
518 85 69 188
518 85 69 188
518 85 69 188
518 85 69 188
518 85 69 188
517 82 69 188
517 82 69 179
517 82 69 179
517 82 69 179
517 82 69 172
517 82 69 172
517 82 69 171
517 82 69 170
517 82 69 170
517 82 69 170
517 82 69 170
517 82 69 170
517 82 69 170
517 82 69 170
517 82 69 170
517 82 69 170
517 82 69 170
517 82 69 161
517 82 69 161
516 82 69 159
517 82 69 161
517 82 69 161
511 83 69 161
509 82 69 161
511 82 69 161
507 82 69 161
501 83 69 153
501 83 69 153
500 82 69 153
500 82 69 153
500 82 69 153
493 82 69 153
488 82 69 153
492 83 57 144
492 83 57 144
487 82 56 144
485 82 56 144
485 82 56 144
483 82 56 144
483 82 56 144
480 82 56 144
478 83 56 144
477 85 56 140
477 85 56 140
477 85 56 139
477 85 51 139
473 85 51 139
473 85 51 139
471 84 51 134
469 84 51 134
467 84 51 134
461 86 51 126
461 86 51 126
457 86 51 126
457 86 51 126
454 87 51 126
454 87 51 126
454 86 51 126
448 86 51 126
448 86 51 126
447 86 51 126
447 86 51 126
447 86 51 126
442 86 51 126
435 87 51 126
433 86 51 117
433 86 51 117
430 86 51 117
427 86 51 117
427 86 51 117
427 86 51 117
427 86 51 117
425 86 42 117
425 86 42 117
424 86 42 117
424 86 42 117
422 86 42 117
420 86 42 117
420 86 42 117
420 86 42 117
420 86 42 117
420 86 42 117
415 86 42 117
413 86 42 117
410 86 42 117
407 86 42 117
404 86 42 117
403 86 42 113
401 86 38 110
398 86 38 110
398 86 38 110
393 86 38 109
393 86 38 109
393 86 38 107
388 86 38 108
386 85 38 108
386 85 38 108
382 85 38 108
382 85 38 108
380 86 38 108
378 86 38 108
378 86 38 108
372 86 38 108
372 86 38 108
368 86 38 108
368 86 38 108
367 86 38 108
364 86 38 108
362 85 38 108
362 85 38 108
362 85 38 108
362 85 30 108
362 85 30 108
362 85 29 108
358 86 30 102
358 86 30 102
353 86 33 103
351 86 33 104
348 86 33 104
347 86 33 104
347 86 33 104
344 86 33 104
341 86 33 104
337 85 36 104
336 85 36 104
336 85 36 104
336 88 36 99
332 86 36 99
332 86 36 99
331 86 36 99
331 86 36 99
326 86 37 99
322 86 37 99
320 86 38 99
318 86 38 99
317 87 38 99
314 86 38 99
314 87 38 99
312 86 38 99
310 87 38 99
308 87 38 99
306 86 38 99
304 86 38 99
302 86 38 99
300 88 38 99
297 87 38 99
294 88 38 99
291 87 38 100
291 87 38 100
289 87 38 99
289 87 38 99
288 91 38 99
283 91 38 99
283 91 38 99
282 91 38 99
281 91 38 99
278 91 38 99
278 91 38 99
278 91 35 99
278 91 31 99
274 90 31 99
274 90 31 99
269 90 35 99
269 90 35 99
269 90 34 99
267 90 33 99
264 91 35 99
262 91 35 99
258 91 36 99
258 91 37 99
255 91 37 99
251 91 38 99
251 91 38 99
251 91 38 99
247 91 38 99
247 89 37 103
244 89 37 103
244 91 37 103
242 90 37 103
241 91 38 104
238 92 38 104
234 91 38 104
234 91 38 104
233 91 38 104
233 91 38 104
231 91 38 104
228 91 38 104
228 91 38 104
228 91 42 108
229 91 33 108
227 91 33 108
226 91 33 108
224 91 33 108
224 91 33 108
216 91 37 108
216 91 38 108
213 91 38 108
212 91 38 112
211 91 38 112
209 91 39 112
207 91 39 112
202 93 41 112
202 93 41 112
201 93 42 112
198 93 42 112
195 93 42 112
193 94 42 112
191 94 42 113
191 94 42 113
188 93 42 113
185 93 42 113
184 93 42 115
184 93 42 119
180 92 42 119
178 93 42 119
173 94 42 119
172 95 42 119
172 95 42 119
171 95 42 118
165 94 42 117
165 94 42 117
163 94 42 117
163 94 42 117
160 94 42 117
158 96 42 117
155 95 42 117
153 96 42 122
149 95 42 122
148 95 42 122
148 95 42 122
148 95 42 122
144 95 42 122
140 96 42 125
140 96 42 125
136 95 42 126
132 97 42 126
127 97 42 126
121 95 42 126
121 95 42 126
121 95 42 126
121 95 42 126
121 95 42 135
116 95 48 135
116 95 47 137
116 95 47 137
116 95 47 141
116 95 47 143
109 97 47 144
109 97 47 144
109 96 47 144
109 95 49 144
104 96 49 144
104 97 49 143
104 95 49 145
101 96 52 145
99 97 51 145
99 97 51 145
99 95 51 150
99 96 51 150
99 98 51 150
99 98 51 150
99 100 51 150
99 98 51 154
99 100 51 155
93 99 55 155
92 99 55 158
91 99 55 158
91 99 56 157
91 99 56 163
91 97 56 165
86 96 63 165
86 96 63 165
91 98 64 166
87 97 64 166
87 97 64 166
85 95 64 166
85 95 72 166
80 98 72 166
80 98 72 166
80 98 72 166
81 100 72 166
85 101 72 166
85 101 72 166
85 100 72 166
85 99 72 166
85 99 72 166
85 99 72 166
85 99 72 166
91 99 72 166
93 99 73 166
92 99 73 180
96 99 73 182
99 99 73 183
104 99 66 183
104 99 66 183
104 99 65 183
104 101 71 183
104 101 71 183
104 100 70 183
104 99 73 186
114 99 64 186
118 99 60 186
118 99 60 188
118 99 60 188
122 99 63 188
122 99 69 188
122 99 69 188
122 99 78 188
122 99 78 188
126 99 78 188
126 99 85 188
129 99 85 188
129 99 88 188
129 99 88 188
138 99 87 188
138 99 87 188
138 99 87 188
138 99 87 188
138 99 87 188
145 99 87 188
149 99 87 188
153 97 87 192
153 96 87 195
166 95 69 206
166 95 69 206
172 96 69 210
173 95 67 213
180 96 67 214
180 95 73 214
180 95 73 214
187 99 73 214
187 99 73 214
187 99 73 214
192 97 73 214
198 95 73 215
198 95 73 215
204 95 61 216
207 96 61 216
211 95 61 216
211 95 64 215
215 95 64 215
220 96 69 215
220 96 69 215
224 95 69 214
226 95 69 214
227 95 74 219
227 95 74 219
229 96 73 219
233 95 73 219
238 95 73 219
241 95 73 219
248 95 73 219
251 95 73 219
255 94 73 219
260 94 73 219
260 94 73 226
270 94 73 231
273 94 73 235
278 95 73 233
283 95 84 234
283 95 84 234
291 96 83 233
296 96 83 232
296 96 83 232
296 95 82 232
296 95 82 232
304 94 82 232
310 95 82 232
312 93 82 238
312 93 82 238
329 91 71 243
336 91 71 243
344 91 71 243
344 91 71 243
349 91 70 241
349 93 79 241
351 94 78 241
351 94 78 241
357 94 78 241
361 94 78 241
365 94 78 241
371 94 78 241
376 93 78 241
382 92 78 241
386 91 78 241
390 91 78 241
393 90 78 245
398 91 78 245
405 91 78 245
414 91 78 245
415 87 78 245
416 89 78 237
418 89 78 237
423 90 78 237
428 91 78 237
431 91 78 237
436 91 78 237
442 91 78 237
446 91 78 237
450 90 78 237
455 88 78 237
460 87 79 237
468 87 78 237
468 87 78 237
474 86 78 237
478 86 78 237
478 86 78 237
483 86 78 237
483 86 78 237
484 89 84 237
484 89 84 237
491 89 82 237
491 89 82 237
495 89 82 237
499 90 82 237
499 90 82 237
507 90 82 237
507 90 82 237
510 87 82 237
516 86 82 237
518 86 82 237
525 86 82 237
530 86 82 237
532 86 82 237
535 86 82 229
535 86 82 229
540 86 82 228
540 86 82 228
542 86 82 228
542 86 82 228
541 86 82 225
546 89 82 225
546 89 82 225
550 90 82 224
553 85 82 224
558 84 82 224
0 0 0 0
0 0 0 0
0 0 0 0
0 0 0 0
0 0 0 0
0 0 0 0
0 0 0 0
0 0 0 0
0 0 0 0
0 0 0 0
0 0 0 0
0 0 0 0
0 0 0 0
0 0 0 0
0 0 0 0
0 0 0 0
0 0 0 0
0 0 0 0
0 0 0 0
0 0 0 0
0 0 0 0
0 0 0 0
0 0 0 0
0 0 0 0
0 0 0 0
0 0 0 0
0 0 0 0
0 0 0 0
0 0 0 0
0 0 0 0
0 0 0 0
0 0 0 0
0 0 0 0
0 0 0 0
0 0 0 0
0 0 0 0
0 0 0 0
0 0 0 0
0 0 0 0
0 0 0 0
0 0 0 0
0 0 0 0
0 0 0 0
0 0 0 0
0 0 0 0
0 0 0 0
0 0 0 0
0 0 0 0
0 0 0 0
0 0 0 0
0 0 0 0
0 0 0 0
0 0 0 0
0 0 0 0
0 0 0 0
0 0 0 0
0 0 0 0
0 0 0 0
0 0 0 0
0 0 0 0
0 0 0 0
0 0 0 0
0 0 0 0
0 0 0 0
0 0 0 0
0 0 0 0
0 0 0 0
0 0 0 0
0 0 0 0
0 0 0 0
0 0 0 0
0 0 0 0
0 0 0 0
0 0 0 0
0 0 0 0
0 0 0 0
0 0 0 0
0 0 0 0
0 0 0 0
0 0 0 0
0 0 0 0
0 0 0 0
0 0 0 0
0 0 0 0
0 0 0 0
0 0 0 0
0 0 0 0
0 0 0 0
0 0 0 0
0 0 0 0
0 0 0 0
0 0 0 0
575 86 65 175
575 86 65 175
573 85 64 175
573 85 64 175
567 85 64 175
565 85 64 175
561 85 64 175
558 85 64 175
556 84 64 175
554 84 64 175
551 84 64 175
549 85 64 175
547 86 64 175
544 85 64 175
539 86 64 175
536 86 64 175
533 87 64 175
529 86 64 175
529 86 64 175
526 86 64 175
521 86 64 175
521 86 64 175
516 86 64 175
513 86 64 175
509 86 64 175
504 86 64 175
500 89 64 175
497 86 64 175
493 86 64 175
488 86 64 175
485 86 64 175
484 86 64 170
479 86 64 170
475 86 64 170
473 87 64 170
468 87 64 170
463 88 64 170
460 88 64 170
456 87 64 170
456 87 64 170
456 86 57 170
456 86 57 170
451 86 56 170
449 86 56 170
443 86 56 170
443 86 56 170
438 87 56 170
438 87 56 170
435 86 55 170
434 86 55 170
431 87 55 170
428 88 55 170
425 89 56 170
423 88 56 170
420 87 56 170
417 86 56 170
415 86 56 170
413 86 56 170
409 86 56 170
407 86 56 170
403 84 56 170
402 86 56 170
393 86 56 170
390 86 56 170
390 87 56 166
384 86 56 166
381 87 56 163
380 86 56 163
376 90 56 163
376 90 56 163
373 91 56 162
369 91 56 161
367 91 56 161
367 91 56 161
359 89 56 161
359 89 56 161
358 89 56 161
356 88 56 161
353 87 56 161
349 87 56 161
344 88 56 161
340 88 56 161
340 88 56 161
336 90 56 161
333 91 56 161
331 91 56 161
331 91 56 161
326 91 56 161
322 91 56 161
319 91 56 161
319 91 56 161
318 91 56 161
313 91 56 161
306 89 56 161
313 89 41 161
309 90 47 161
303 90 47 161
303 90 43 161
303 90 43 161
299 87 42 161
295 90 42 161
295 90 42 161
291 91 42 161
285 91 43 155
282 91 43 155
278 91 43 155
278 91 43 155
275 91 42 155
269 91 44 155
264 89 43 155
261 91 43 155
261 91 43 155
260 91 42 155
256 91 42 155
250 91 42 155
250 91 42 155
248 92 42 155
243 92 42 155
243 92 42 155
238 91 42 155
238 91 42 153
229 92 42 153
229 92 42 153
225 94 42 148
220 94 42 148
220 94 42 148
216 95 42 148
213 93 46 152
209 94 46 152
209 94 46 155
202 94 46 155
202 94 46 155
197 93 47 155
197 93 47 155
194 95 47 155
190 95 47 156
186 96 47 157
182 96 47 157
177 95 47 157
175 94 47 157
171 94 47 157
171 94 47 157
168 94 47 157
164 94 47 157
164 94 47 157
163 94 47 157
157 94 47 157
156 94 47 157
151 96 47 157
146 95 42 157
144 96 42 154
144 95 43 153
140 97 43 153
137 98 42 153
133 98 42 153
130 98 38 153
127 98 41 153
123 99 48 153
119 99 47 153
116 99 47 153
109 98 47 153
110 99 39 153
110 99 39 153
107 99 38 153
107 99 38 160
104 99 38 161
104 99 45 161
100 98 46 161
93 99 46 161
90 99 46 161
90 99 45 161
84 99 45 161
78 99 48 161
78 99 48 161
74 99 47 161
68 99 47 161
66 99 45 161
65 99 50 161
61 99 50 161
58 97 50 161
56 97 50 161
55 98 50 161
51 99 51 161
49 99 51 161
46 99 51 161
44 101 51 161
39 100 51 161
35 98 51 161
32 99 51 161
29 99 51 161
26 99 51 161
26 99 51 161
25 99 51 161
21 99 51 161
16 99 51 161
16 99 51 161
16 99 51 166
16 99 51 166
16 99 51 166
12 99 51 166
10 99 51 166
10 99 51 166
10 99 51 166
10 99 51 166
10 99 51 166
5 98 54 166
3 98 55 166
1 98 55 166
1 98 55 166
1 98 55 166
0 0 0 0
0 0 0 0
0 0 0 0
0 0 0 0
0 0 0 0
0 0 0 0
0 0 0 0
0 0 0 0
0 0 0 0
0 0 0 0
0 0 0 0
0 0 0 0
0 0 0 0
0 0 0 0
0 0 0 0
0 0 0 0
2 103 56 155
2 103 56 155
2 103 56 155
2 103 56 155
6 103 56 155
7 103 56 155
10 103 56 155
11 102 56 155
11 102 56 155
13 102 56 155
13 102 56 155
12 102 56 155
16 102 56 155
18 102 56 155
21 102 56 155
25 102 56 155
24 102 56 155
29 102 56 155
32 102 56 155
36 103 56 155
38 103 56 155
38 102 56 155
42 102 56 155
46 102 56 155
49 100 56 155
51 99 56 155
55 99 56 155
56 99 56 155
59 99 56 155
64 99 56 155
64 99 56 155
67 100 56 155
70 100 56 155
71 99 56 155
74 99 56 155
78 99 56 155
84 101 56 149
85 102 56 149
85 102 56 149
88 102 56 148
90 102 56 148
94 102 56 148
97 102 56 148
97 102 56 148
99 101 56 148
101 101 56 148
103 101 56 148
103 100 60 148
106 99 60 148
104 100 60 148
108 100 60 148
111 100 60 148
112 101 60 148
112 101 60 148
117 99 60 148
122 101 60 148
122 101 60 148
127 99 60 148
132 99 60 148
132 99 60 148
136 100 60 148
136 101 60 148
138 100 60 153
144 99 50 155
144 101 49 159
145 99 56 161
147 101 53 156
149 102 52 155
151 102 51 155
154 102 51 155
156 102 51 155
159 103 51 155
159 103 51 155
160 103 51 155
164 101 51 155
163 100 53 155
165 99 53 155
167 99 57 160
167 99 57 160
170 99 56 161
170 99 61 161
174 99 61 161
174 99 61 161
177 99 60 161
177 99 60 161
182 99 60 165
185 99 60 166
188 99 60 166
190 99 60 166
193 99 60 166
196 99 60 166
199 99 60 166
202 99 60 166
207 99 60 166
209 99 60 170
212 99 60 170
215 99 54 175
217 99 55 175
218 99 55 175
222 99 55 175
224 99 55 175
228 99 56 175
233 100 56 175
234 99 56 175
235 99 56 175
237 99 56 175
240 99 56 175
242 99 56 181
247 98 56 184
247 98 56 184
248 98 56 183
251 97 56 185
252 95 56 185
255 96 56 185
256 95 56 185
260 95 56 185
263 96 56 185
266 97 56 185
272 99 56 185
272 99 56 185
272 99 63 183
273 99 64 183
280 98 64 183
286 98 64 183
289 98 64 183
292 98 64 183
294 99 64 183
299 99 64 183
302 99 64 191
309 98 54 192
313 98 54 192
316 98 58 192
321 97 58 192
324 96 58 192
324 96 58 192
330 95 58 192
333 98 61 190
338 98 61 192
344 98 61 193
348 97 61 196
349 96 61 197
354 95 60 200
358 95 60 196
358 95 62 196
363 95 61 197
368 95 60 197
372 95 60 197
374 95 60 197
382 95 60 197
382 95 60 197
386 95 60 203
391 95 60 203
397 95 60 203
401 95 60 203
405 95 60 203
408 95 60 203
413 95 60 203
414 95 60 203
421 95 60 203
425 95 60 203
428 95 60 203
430 95 60 203
436 95 60 203
441 94 60 203
441 94 64 202
445 94 64 202
448 93 64 202
452 93 64 202
457 93 64 202
463 93 64 202
468 93 64 202
473 93 64 202
478 93 64 202
482 93 64 202
485 91 69 202
491 91 69 201
493 91 69 201
498 91 69 201
501 91 69 201
505 91 69 201
511 91 67 201
513 91 69 201
518 91 69 201
520 91 69 201
526 90 69 201
529 90 69 201
533 90 69 201
540 90 68 201
542 90 68 201
547 90 68 201
553 90 68 201
557 90 69 201
561 90 69 201
562 90 69 201
567 90 69 206
567 90 69 206
570 91 69 206
570 91 69 206
571 91 69 206
571 91 69 206
0 0 0 0
0 0 0 0
0 0 0 0
0 0 0 0
0 0 0 0
0 0 0 0
0 0 0 0
0 0 0 0
0 0 0 0
0 0 0 0
0 0 0 0
0 0 0 0
0 0 0 0
0 0 0 0
0 0 0 0
0 0 0 0
0 0 0 0
0 0 0 0
