0 0 0 0
0 0 0 0
0 0 0 0
0 0 0 0
0 0 0 0
0 0 0 0
0 0 0 0
0 0 0 0
0 0 0 0
0 0 0 0
0 0 0 0
0 0 0 0
0 0 0 0
0 0 0 0
0 0 0 0
0 0 0 0
0 0 0 0
0 0 0 0
0 0 0 0
0 0 0 0
0 0 0 0
0 0 0 0
0 0 0 0
0 0 0 0
0 0 0 0
0 0 0 0
0 0 0 0
0 0 0 0
0 0 0 0
0 0 0 0
0 0 0 0
0 0 0 0
0 0 0 0
0 0 0 0
0 0 0 0
0 0 0 0
0 0 0 0
0 0 0 0
0 0 0 0
0 0 0 0
0 0 0 0
0 0 0 0
0 0 0 0
0 0 0 0
0 0 0 0
0 0 0 0
0 0 0 0
0 0 0 0
0 0 0 0
0 0 0 0
0 0 0 0
0 0 0 0
0 0 0 0
0 0 0 0
0 0 0 0
0 0 0 0
0 0 0 0
0 0 0 0
0 0 0 0
0 0 0 0
0 0 0 0
0 0 0 0
0 0 0 0
0 0 0 0
0 0 0 0
0 0 0 0
0 0 0 0
0 0 0 0
0 0 0 0
0 0 0 0
0 0 0 0
0 0 0 0
0 0 0 0
0 0 0 0
0 0 0 0
0 0 0 0
0 0 0 0
0 0 0 0
0 0 0 0
0 0 0 0
0 0 0 0
0 0 0 0
0 0 0 0
0 0 0 0
0 0 0 0
0 0 0 0
0 0 0 0
0 0 0 0
0 0 0 0
0 0 0 0
0 0 0 0
0 0 0 0
0 0 0 0
0 0 0 0
0 0 0 0
0 0 0 0
0 0 0 0
0 0 0 0
0 0 0 0
0 0 0 0
0 0 0 0
0 0 0 0
0 0 0 0
0 0 0 0
0 0 0 0
0 0 0 0
0 0 0 0
0 0 0 0
0 0 0 0
0 0 0 0
0 0 0 0
0 0 0 0
0 0 0 0
0 0 0 0
0 0 0 0
0 0 0 0
0 0 0 0
0 0 0 0
0 0 0 0
0 0 0 0
0 0 0 0
0 0 0 0
0 0 0 0
0 0 0 0
0 0 0 0
0 0 0 0
0 0 0 0
0 0 0 0
0 0 0 0
0 0 0 0
0 0 0 0
0 0 0 0
0 0 0 0
0 0 0 0
0 0 0 0
0 0 0 0
0 0 0 0
0 0 0 0
0 0 0 0
0 0 0 0
0 0 0 0
0 0 0 0
0 0 0 0
0 0 0 0
0 0 0 0
0 0 0 0
0 0 0 0
0 0 0 0
0 0 0 0
0 0 0 0
0 0 0 0
0 0 0 0
0 0 0 0
0 0 0 0
0 0 0 0
0 0 0 0
0 0 0 0
0 0 0 0
0 0 0 0
0 0 0 0
0 0 0 0
0 0 0 0
0 0 0 0
0 0 0 0
0 0 0 0
0 0 0 0
0 0 0 0
0 0 0 0
0 0 0 0
0 0 0 0
0 0 0 0
0 0 0 0
0 0 0 0
0 0 0 0
0 0 0 0
0 0 0 0
0 0 0 0
0 0 0 0
0 0 0 0
0 0 0 0
0 0 0 0
0 0 0 0
0 0 0 0
0 0 0 0
0 0 0 0
0 0 0 0
0 0 0 0
0 0 0 0
0 0 0 0
0 0 0 0
0 0 0 0
0 0 0 0
0 0 0 0
0 0 0 0
0 0 0 0
0 0 0 0
0 0 0 0
0 0 0 0
0 0 0 0
0 0 0 0
0 0 0 0
0 0 0 0
0 0 0 0
0 0 0 0
0 0 0 0
0 0 0 0
0 0 0 0
0 0 0 0
0 0 0 0
0 0 0 0
0 0 0 0
0 0 0 0
0 0 0 0
0 0 0 0
0 0 0 0
0 0 0 0
0 0 0 0
0 0 0 0
0 0 0 0
0 0 0 0
0 0 0 0
0 0 0 0
0 0 0 0
0 0 0 0
0 0 0 0
0 0 0 0
0 0 0 0
0 0 0 0
0 0 0 0
0 0 0 0
0 0 0 0
0 0 0 0
0 0 0 0
0 0 0 0
0 0 0 0
0 0 0 0
0 0 0 0
0 0 0 0
0 0 0 0
0 0 0 0
0 0 0 0
0 0 0 0
0 0 0 0
0 0 0 0
0 0 0 0
0 0 0 0
0 0 0 0
0 0 0 0
0 0 0 0
0 0 0 0
0 0 0 0
0 0 0 0
0 0 0 0
0 0 0 0
0 0 0 0
0 0 0 0
0 0 0 0
0 0 0 0
0 0 0 0
0 0 0 0
0 0 0 0
0 0 0 0
0 0 0 0
0 0 0 0
0 0 0 0
0 0 0 0
0 0 0 0
0 0 0 0
0 0 0 0
0 0 0 0
0 0 0 0
0 0 0 0
0 0 0 0
0 0 0 0
0 0 0 0
0 0 0 0
0 0 0 0
0 0 0 0
0 0 0 0
0 0 0 0
0 0 0 0
0 0 0 0
0 0 0 0
0 0 0 0
0 0 0 0
0 0 0 0
0 0 0 0
0 0 0 0
0 0 0 0
0 0 0 0
0 0 0 0
0 0 0 0
0 0 0 0
0 0 0 0
0 0 0 0
0 0 0 0
0 0 0 0
0 0 0 0
0 0 0 0
0 0 0 0
0 0 0 0
0 0 0 0
0 0 0 0
0 0 0 0
0 0 0 0
0 0 0 0
0 0 0 0
0 0 0 0
0 0 0 0
0 0 0 0
0 0 0 0
0 0 0 0
0 0 0 0
0 0 0 0
0 0 0 0
0 0 0 0
0 0 0 0
0 0 0 0
0 0 0 0
0 0 0 0
0 0 0 0
0 0 0 0
0 0 0 0
0 0 0 0
0 0 0 0
0 0 0 0
0 0 0 0
0 0 0 0
0 0 0 0
0 0 0 0
0 0 0 0
0 0 0 0
0 0 0 0
0 0 0 0
0 0 0 0
0 0 0 0
0 0 0 0
0 0 0 0
0 0 0 0
0 0 0 0
0 0 0 0
0 0 0 0
0 0 0 0
0 0 0 0
0 0 0 0
0 0 0 0
0 0 0 0
0 0 0 0
0 0 0 0
0 0 0 0
0 0 0 0
0 0 0 0
0 0 0 0
0 0 0 0
0 0 0 0
0 0 0 0
0 0 0 0
0 0 0 0
0 0 0 0
0 0 0 0
0 0 0 0
0 0 0 0
0 0 0 0
0 0 0 0
0 0 0 0
0 0 0 0
0 0 0 0
0 0 0 0
0 0 0 0
0 0 0 0
0 0 0 0
0 0 0 0
0 0 0 0
0 0 0 0
0 0 0 0
0 0 0 0
0 0 0 0
0 0 0 0
0 0 0 0
0 0 0 0
0 0 0 0
0 0 0 0
0 0 0 0
0 0 0 0
0 0 0 0
0 0 0 0
0 0 0 0
0 0 0 0
0 0 0 0
0 0 0 0
0 0 0 0
0 0 0 0
0 0 0 0
0 0 0 0
0 0 0 0
0 0 0 0
0 0 0 0
0 0 0 0
0 0 0 0
0 0 0 0
0 0 0 0
0 0 0 0
0 0 0 0
0 0 0 0
0 0 0 0
0 0 0 0
0 0 0 0
0 0 0 0
0 0 0 0
0 0 0 0
0 0 0 0
0 0 0 0
0 0 0 0
0 0 0 0
0 0 0 0
0 0 0 0
0 0 0 0
0 0 0 0
0 0 0 0
0 0 0 0
0 0 0 0
0 0 0 0
0 0 0 0
0 0 0 0
0 0 0 0
0 0 0 0
0 0 0 0
0 0 0 0
0 0 0 0
0 0 0 0
0 0 0 0
0 0 0 0
0 0 0 0
0 0 0 0
0 0 0 0
0 0 0 0
0 0 0 0
0 0 0 0
0 0 0 0
0 0 0 0
0 0 0 0
0 0 0 0
0 0 0 0
0 0 0 0
0 0 0 0
0 0 0 0
0 0 0 0
0 0 0 0
0 0 0 0
0 0 0 0
0 0 0 0
0 0 0 0
0 0 0 0
0 0 0 0
0 0 0 0
0 0 0 0
0 0 0 0
0 0 0 0
0 0 0 0
0 0 0 0
0 0 0 0
0 0 0 0
0 0 0 0
0 0 0 0
0 0 0 0
0 0 0 0
0 0 0 0
0 0 0 0
0 0 0 0
0 0 0 0
0 0 0 0
0 0 0 0
0 0 0 0
0 0 0 0
0 0 0 0
0 0 0 0
0 0 0 0
0 0 0 0
0 0 0 0
0 0 0 0
0 0 0 0
0 0 0 0
0 0 0 0
0 0 0 0
0 0 0 0
0 0 0 0
0 0 0 0
0 0 0 0
0 0 0 0
0 0 0 0
0 0 0 0
0 0 0 0
0 0 0 0
0 0 0 0
0 0 0 0
0 0 0 0
0 0 0 0
0 0 0 0
0 0 0 0
0 0 0 0
0 0 0 0
0 0 0 0
0 0 0 0
0 0 0 0
0 0 0 0
0 0 0 0
0 0 0 0
0 0 0 0
0 0 0 0
0 0 0 0
0 0 0 0
0 0 0 0
0 0 0 0
0 0 0 0
0 0 0 0
0 0 0 0
0 0 0 0
0 0 0 0
0 0 0 0
0 0 0 0
0 0 0 0
0 0 0 0
0 0 0 0
0 0 0 0
0 0 0 0
0 0 0 0
0 0 0 0
0 0 0 0
0 0 0 0
0 0 0 0
0 0 0 0
0 0 0 0
0 0 0 0
0 0 0 0
0 0 0 0
0 0 0 0
0 0 0 0
0 0 0 0
0 0 0 0
0 0 0 0
0 0 0 0
0 0 0 0
0 0 0 0
0 0 0 0
0 0 0 0
0 0 0 0
0 0 0 0
0 0 0 0
0 0 0 0
0 0 0 0
0 0 0 0
0 0 0 0
0 0 0 0
0 0 0 0
0 0 0 0
0 0 0 0
0 0 0 0
0 0 0 0
0 0 0 0
0 0 0 0
0 0 0 0
0 0 0 0
0 0 0 0
0 0 0 0
0 0 0 0
0 0 0 0
0 0 0 0
0 0 0 0
0 0 0 0
0 0 0 0
0 0 0 0
0 0 0 0
0 0 0 0
0 0 0 0
0 0 0 0
0 0 0 0
0 0 0 0
0 0 0 0
0 0 0 0
1 30 42 104
2 30 42 104
2 30 43 104
5 30 43 104
7 30 43 104
10 30 43 104
14 30 43 104
16 30 43 104
18 31 43 104
21 31 43 104
23 31 43 104
26 30 43 104
28 30 43 104
28 30 43 104
31 30 43 104
33 30 43 104
34 29 43 104
35 29 43 104
37 27 43 104
37 27 43 104
39 27 43 104
44 27 43 104
44 27 43 104
45 27 43 104
45 27 43 104
50 27 43 104
52 27 43 104
55 27 43 104
59 26 43 104
62 26 43 104
64 26 43 104
64 26 43 104
64 26 43 104
68 26 43 104
70 27 35 104
71 27 35 104
72 27 39 104
70 27 43 104
73 27 41 104
73 27 41 104
76 27 39 104
77 27 39 104
79 27 39 104
80 27 39 104
82 27 39 100
84 27 39 100
87 27 39 100
89 27 39 100
89 27 39 100
90 27 39 100
92 27 39 100
94 27 39 100
95 27 39 100
95 27 39 100
96 27 39 100
99 26 39 100
99 26 39 100
101 26 39 100
102 26 39 100
104 27 39 100
104 27 39 100
106 27 39 100
108 27 39 100
110 27 39 100
111 27 39 100
114 27 39 100
114 27 39 100
116 27 39 100
117 27 39 100
119 27 39 100
119 27 39 100
120 27 39 100
120 27 39 100
121 27 39 100
121 27 39 100
121 27 39 100
122 27 39 100
125 27 39 100
125 27 39 100
127 27 39 100
127 27 39 100
128 27 39 100
133 27 39 100
133 27 39 100
137 27 39 100
138 27 39 100
140 27 39 100
140 27 39 100
141 27 39 100
142 28 41 101
143 27 41 103
142 27 41 103
143 27 41 103
143 27 41 103
144 27 39 105
144 29 39 104
145 29 39 104
146 30 39 104
146 30 39 104
146 30 39 104
146 30 39 104
146 30 41 104
146 30 40 108
147 30 41 109
146 28 42 109
146 27 42 109
147 27 42 109
147 27 42 109
146 27 46 109
146 27 46 109
147 28 46 109
147 28 46 109
149 29 46 109
150 30 47 109
151 30 47 109
152 29 47 109
152 29 47 109
154 29 47 110
154 29 47 110
154 29 47 109
155 29 47 110
157 28 47 113
157 28 47 113
157 27 47 115
157 27 47 115
157 27 47 115
157 28 47 115
157 28 47 115
157 29 47 116
159 29 40 119
160 29 40 119
162 29 40 119
162 29 40 119
162 29 41 119
162 29 40 120
162 28 40 120
162 27 41 120
162 27 42 120
162 27 43 120
162 27 43 120
162 27 43 120
162 27 43 120
162 27 43 120
162 29 43 120
162 29 43 120
162 29 43 120
162 29 43 120
162 29 43 120
162 31 43 120
162 31 43 120
162 31 45 124
164 31 45 124
164 31 45 124
164 31 45 124
165 31 43 124
167 31 43 124
167 31 43 124
166 31 43 124
166 31 43 124
166 31 43 124
166 31 43 124
166 31 43 125
166 31 43 125
166 31 43 125
166 31 47 128
166 31 47 128
166 31 47 127
166 31 47 130
166 31 47 130
166 31 47 129
166 31 47 131
165 31 47 131
165 31 47 131
165 31 46 133
165 30 46 133
162 31 46 133
162 31 47 133
162 31 48 133
160 31 50 133
160 31 50 133
160 31 49 134
159 32 49 133
158 31 48 137
158 31 47 137
158 32 47 137
160 32 43 139
160 32 43 139
160 33 43 139
158 33 43 139
158 33 45 138
158 33 44 141
158 33 44 141
158 33 45 141
158 33 45 141
158 33 44 141
158 33 43 141
158 33 43 141
158 33 43 140
158 33 43 142
158 33 43 145
158 33 43 143
153 34 47 143
150 34 48 143
147 34 51 143
146 34 51 147
145 35 51 147
142 34 51 146
139 34 51 146
134 35 51 146
132 34 51 145
130 34 51 147
128 33 51 148
125 32 58 148
124 31 59 150
121 32 58 150
120 34 59 150
117 35 59 155
117 35 55 154
115 34 55 158
114 34 55 158
112 35 55 158
109 35 55 158
109 35 55 158
106 36 55 158
108 36 52 161
105 35 52 161
105 35 51 162
104 36 51 162
102 37 51 162
99 37 51 162
99 37 51 162
99 37 51 162
96 37 51 162
93 37 54 162
94 38 52 162
90 38 52 162
87 38 55 162
87 38 55 162
83 39 55 162
78 39 59 162
76 39 63 166
72 41 63 166
67 39 63 168
62 39 64 168
59 39 64 168
55 39 64 168
50 39 69 168
45 39 69 168
41 40 74 168
37 39 74 168
37 39 74 168
35 39 70 179
31 39 70 178
30 41 70 178
27 41 70 178
24 41 70 178
19 41 72 178
18 41 72 182
16 41 72 182
15 43 72 182
12 43 72 182
9 43 72 182
6 43 72 182
2 44 72 182
1 43 72 182
1 43 72 185
1 43 72 185
1 43 66 185
1 43 66 185
1 43 66 185
1 45 66 182
1 45 66 182
0 0 0 0
0 0 0 0
0 0 0 0
0 0 0 0
0 0 0 0
0 0 0 0
0 0 0 0
0 0 0 0
0 0 0 0
0 0 0 0
0 0 0 0
0 0 0 0
0 0 0 0
0 0 0 0
0 0 0 0
0 0 0 0
0 0 0 0
0 0 0 0
0 0 0 0
0 0 0 0
0 0 0 0
0 0 0 0
0 0 0 0
0 0 0 0
0 0 0 0
0 0 0 0
0 0 0 0
0 0 0 0
0 0 0 0
0 0 0 0
0 0 0 0
0 0 0 0
0 0 0 0
0 0 0 0
0 0 0 0
0 0 0 0
0 0 0 0
0 0 0 0
0 0 0 0
0 0 0 0
0 0 0 0
0 0 0 0
0 0 0 0
0 0 0 0
0 0 0 0
0 0 0 0
0 0 0 0
0 0 0 0
0 0 0 0
0 0 0 0
0 0 0 0
0 0 0 0
0 0 0 0
0 0 0 0
0 0 0 0
0 0 0 0
0 0 0 0
0 0 0 0
0 0 0 0
0 0 0 0
0 0 0 0
0 0 0 0
0 0 0 0
0 0 0 0
0 0 0 0
0 0 0 0
0 0 0 0
0 0 0 0
0 0 0 0
0 0 0 0
0 0 0 0
0 0 0 0
0 0 0 0
0 0 0 0
0 0 0 0
0 0 0 0
0 0 0 0
0 0 0 0
0 0 0 0
0 0 0 0
0 0 0 0
0 0 0 0
0 0 0 0
0 0 0 0
0 0 0 0
0 0 0 0
0 0 0 0
0 0 0 0
0 0 0 0
0 0 0 0
0 0 0 0
0 0 0 0
0 0 0 0
0 0 0 0
0 0 0 0
0 0 0 0
0 0 0 0
0 0 0 0
0 0 0 0
0 0 0 0
0 0 0 0
0 0 0 0
0 0 0 0
0 0 0 0
0 0 0 0
0 0 0 0
0 0 0 0
0 0 0 0
0 0 0 0
0 0 0 0
0 0 0 0
0 0 0 0
0 0 0 0
0 0 0 0
0 0 0 0
0 0 0 0
0 0 0 0
0 0 0 0
0 0 0 0
0 0 0 0
0 0 0 0
0 0 0 0
0 0 0 0
0 0 0 0
0 0 0 0
0 0 0 0
0 0 0 0
0 0 0 0
0 0 0 0
0 0 0 0
0 0 0 0
0 0 0 0
0 0 0 0
0 0 0 0
0 0 0 0
0 0 0 0
0 0 0 0
0 0 0 0
0 0 0 0
0 0 0 0
0 0 0 0
0 0 0 0
0 0 0 0
0 0 0 0
0 0 0 0
0 0 0 0
0 0 0 0
0 0 0 0
0 0 0 0
0 0 0 0
0 0 0 0
0 0 0 0
0 0 0 0
0 0 0 0
0 0 0 0
0 0 0 0
0 0 0 0
0 0 0 0
0 0 0 0
0 0 0 0
0 0 0 0
0 0 0 0
0 0 0 0
0 0 0 0
0 0 0 0
0 0 0 0
0 0 0 0
0 0 0 0
0 0 0 0
0 0 0 0
0 0 0 0
0 0 0 0
0 0 0 0
0 0 0 0
0 0 0 0
0 0 0 0
0 0 0 0
0 0 0 0
0 0 0 0
0 0 0 0
0 0 0 0
0 0 0 0
0 0 0 0
0 0 0 0
0 0 0 0
0 0 0 0
0 0 0 0
0 0 0 0
0 0 0 0
0 0 0 0
0 0 0 0
0 0 0 0
0 0 0 0
0 0 0 0
0 0 0 0
0 0 0 0
0 0 0 0
0 0 0 0
0 0 0 0
0 0 0 0
0 0 0 0
0 0 0 0
0 0 0 0
0 0 0 0
0 0 0 0
0 0 0 0
0 0 0 0
0 0 0 0
0 0 0 0
0 0 0 0
0 0 0 0
0 0 0 0
0 0 0 0
0 0 0 0
0 0 0 0
0 0 0 0
0 0 0 0
0 0 0 0
0 0 0 0
0 0 0 0
0 0 0 0
0 0 0 0
0 0 0 0
0 0 0 0
0 0 0 0
0 0 0 0
0 0 0 0
0 0 0 0
0 0 0 0
0 0 0 0
0 0 0 0
0 0 0 0
0 0 0 0
0 0 0 0
0 0 0 0
0 0 0 0
0 0 0 0
0 0 0 0
0 0 0 0
0 0 0 0
0 0 0 0
0 0 0 0
0 0 0 0
0 0 0 0
0 0 0 0
0 0 0 0
0 0 0 0
0 0 0 0
0 0 0 0
0 0 0 0
0 0 0 0
0 0 0 0
0 0 0 0
0 0 0 0
0 0 0 0
0 0 0 0
0 0 0 0
0 0 0 0
0 0 0 0
0 0 0 0
0 0 0 0
0 0 0 0
0 0 0 0
0 0 0 0
0 0 0 0
0 0 0 0
0 0 0 0
0 0 0 0
0 0 0 0
0 0 0 0
0 0 0 0
0 0 0 0
0 0 0 0
0 0 0 0
0 0 0 0
0 0 0 0
0 0 0 0
0 0 0 0
0 0 0 0
0 0 0 0
0 0 0 0
0 0 0 0
0 0 0 0
0 0 0 0
0 0 0 0
0 0 0 0
0 0 0 0
0 0 0 0
0 0 0 0
0 0 0 0
0 0 0 0
0 0 0 0
0 0 0 0
0 0 0 0
0 0 0 0
0 0 0 0
0 0 0 0
0 0 0 0
0 0 0 0
0 0 0 0
0 0 0 0
0 0 0 0
0 0 0 0
0 0 0 0
0 0 0 0
0 0 0 0
0 0 0 0
0 0 0 0
0 0 0 0
0 0 0 0
0 0 0 0
0 0 0 0
0 0 0 0
0 0 0 0
0 0 0 0
0 0 0 0
0 0 0 0
0 0 0 0
0 0 0 0
0 0 0 0
0 0 0 0
0 0 0 0
0 0 0 0
0 0 0 0
0 0 0 0
0 0 0 0
0 0 0 0
0 0 0 0
0 0 0 0
0 0 0 0
0 0 0 0
0 0 0 0
0 0 0 0
0 0 0 0
0 0 0 0
0 0 0 0
0 0 0 0
0 0 0 0
0 0 0 0
1 34 39 128
3 34 47 128
4 34 47 129
6 34 45 129
7 34 45 129
10 34 45 129
14 34 45 129
16 33 45 129
18 33 45 129
18 33 45 126
23 33 45 126
23 33 45 126
26 32 48 125
28 31 48 125
30 31 48 125
32 31 48 125
33 31 47 125
36 31 47 125
38 31 51 125
39 31 51 125
41 31 51 125
43 31 51 125
47 31 47 125
49 31 47 125
51 31 47 125
52 31 50 129
52 31 50 129
55 31 50 129
57 31 51 129
59 31 51 130
59 31 51 129
61 31 51 129
62 32 51 129
64 31 51 129
65 31 51 129
64 31 51 129
67 31 51 129
67 31 51 129
67 31 54 129
67 31 56 129
67 31 59 129
67 31 59 129
67 31 59 129
67 31 59 129
69 31 53 129
69 34 53 129
71 34 53 129
71 34 53 129
72 34 54 129
74 34 54 129
76 34 54 129
77 34 54 129
76 33 54 129
80 33 54 133
80 33 54 133
80 33 54 136
80 33 54 136
83 33 54 136
82 33 54 136
78 34 54 136
78 34 54 142
78 34 54 142
78 34 54 141
76 35 54 144
75 34 54 144
72 34 54 144
68 35 57 144
68 36 55 144
67 35 55 144
67 35 55 144
65 35 55 144
63 34 57 146
61 35 57 153
61 35 57 153
60 35 56 153
56 36 55 153
54 35 55 153
54 35 55 153
54 35 55 157
51 34 55 157
49 36 55 158
47 36 55 158
47 36 55 158
45 35 55 158
42 37 55 158
42 37 55 158
37 37 60 158
35 37 60 158
35 37 60 158
34 37 59 158
33 39 59 158
30 38 59 158
27 38 59 158
25 38 59 158
22 38 59 158
18 39 59 158
16 39 59 166
13 39 59 166
10 39 63 171
6 39 64 170
2 39 64 170
1 39 64 170
1 39 64 170
1 39 64 170
0 0 0 0
0 0 0 0
0 0 0 0
0 0 0 0
0 0 0 0
0 0 0 0
0 0 0 0
0 0 0 0
0 0 0 0
0 0 0 0
0 0 0 0
0 0 0 0
0 0 0 0
0 0 0 0
0 0 0 0
0 0 0 0
0 0 0 0
0 0 0 0
0 0 0 0
0 0 0 0
0 0 0 0
0 0 0 0
0 0 0 0
0 0 0 0
0 0 0 0
0 0 0 0
0 0 0 0
0 0 0 0
0 0 0 0
0 0 0 0
0 0 0 0
0 0 0 0
0 0 0 0
0 0 0 0
0 0 0 0
0 0 0 0
0 0 0 0
0 0 0 0
0 0 0 0
0 0 0 0
0 0 0 0
0 0 0 0
0 0 0 0
0 0 0 0
0 0 0 0
0 0 0 0
0 0 0 0
0 0 0 0
0 0 0 0
0 0 0 0
0 0 0 0
0 0 0 0
0 0 0 0
0 0 0 0
0 0 0 0
0 0 0 0
0 0 0 0
0 0 0 0
0 0 0 0
0 0 0 0
0 0 0 0
0 0 0 0
0 0 0 0
0 0 0 0
0 0 0 0
0 0 0 0
0 0 0 0
0 0 0 0
0 0 0 0
0 0 0 0
0 0 0 0
0 0 0 0
0 0 0 0
0 0 0 0
0 0 0 0
0 0 0 0
0 0 0 0
0 0 0 0
0 0 0 0
0 0 0 0
0 0 0 0
0 0 0 0
0 0 0 0
0 0 0 0
0 0 0 0
0 0 0 0
0 0 0 0
0 0 0 0
0 0 0 0
0 0 0 0
0 0 0 0
0 0 0 0
0 0 0 0
0 0 0 0
0 0 0 0
0 0 0 0
0 0 0 0
0 0 0 0
0 0 0 0
0 0 0 0
0 0 0 0
0 0 0 0
0 0 0 0
0 0 0 0
0 0 0 0
0 0 0 0
0 0 0 0
0 0 0 0
0 0 0 0
0 0 0 0
0 0 0 0
0 0 0 0
0 0 0 0
0 0 0 0
0 0 0 0
0 0 0 0
0 0 0 0
0 0 0 0
0 0 0 0
0 0 0 0
0 0 0 0
0 0 0 0
0 0 0 0
0 0 0 0
0 0 0 0
0 0 0 0
0 0 0 0
0 0 0 0
0 0 0 0
0 0 0 0
0 0 0 0
0 0 0 0
0 0 0 0
0 0 0 0
0 0 0 0
0 0 0 0
0 0 0 0
0 0 0 0
0 0 0 0
0 0 0 0
0 0 0 0
0 0 0 0
0 0 0 0
0 0 0 0
0 0 0 0
0 0 0 0
0 0 0 0
0 0 0 0
0 0 0 0
0 0 0 0
0 0 0 0
0 0 0 0
0 0 0 0
0 0 0 0
0 0 0 0
0 0 0 0
0 0 0 0
0 0 0 0
0 0 0 0
0 0 0 0
0 0 0 0
0 0 0 0
0 0 0 0
0 0 0 0
0 0 0 0
0 0 0 0
0 0 0 0
0 0 0 0
0 0 0 0
0 0 0 0
0 0 0 0
0 0 0 0
0 0 0 0
0 0 0 0
0 0 0 0
0 0 0 0
0 0 0 0
0 0 0 0
0 0 0 0
0 0 0 0
0 0 0 0
0 0 0 0
0 0 0 0
0 0 0 0
0 0 0 0
0 0 0 0
0 0 0 0
0 0 0 0
0 0 0 0
0 0 0 0
0 0 0 0
0 0 0 0
0 0 0 0
0 0 0 0
0 0 0 0
0 0 0 0
0 0 0 0
0 0 0 0
0 0 0 0
0 0 0 0
0 0 0 0
0 0 0 0
0 0 0 0
0 0 0 0
0 0 0 0
0 0 0 0
0 0 0 0
0 0 0 0
0 0 0 0
0 0 0 0
0 0 0 0
0 0 0 0
0 0 0 0
0 0 0 0
0 0 0 0
0 0 0 0
0 0 0 0
0 0 0 0
0 0 0 0
0 0 0 0
0 0 0 0
0 0 0 0
0 0 0 0
0 0 0 0
0 0 0 0
0 0 0 0
0 0 0 0
0 0 0 0
0 0 0 0
0 0 0 0
0 0 0 0
0 0 0 0
0 0 0 0
0 0 0 0
0 0 0 0
2 53 76 256
8 51 76 256
11 51 76 256
17 51 80 256
23 51 80 248
25 50 80 244
28 50 80 234
31 50 85 234
35 50 91 229
38 50 91 229
40 49 91 229
44 48 91 229
47 47 91 229
50 47 83 230
54 47 83 231
57 47 83 232
59 48 83 226
64 47 84 221
68 47 84 221
72 45 84 221
78 44 76 216
81 43 76 211
84 43 76 207
88 43 76 206
91 43 76 203
92 42 76 203
96 42 68 203
98 43 68 203
101 43 68 204
105 45 68 201
106 43 68 201
109 47 68 199
114 47 65 199
114 47 65 199
117 46 64 195
121 46 64 195
125 44 64 195
127 43 64 189
130 43 64 190
133 43 64 182
136 43 64 182
138 43 64 177
138 43 64 177
139 42 64 178
142 43 64 176
145 43 64 176
150 43 61 176
152 43 60 176
156 43 60 176
158 43 60 172
162 43 59 172
166 42 59 172
170 43 59 167
173 40 51 163
176 39 51 163
176 39 51 162
178 39 51 162
183 39 51 162
185 39 51 162
187 39 51 162
190 40 51 162
192 38 51 162
194 38 51 162
195 40 51 158
197 39 51 158
199 39 46 158
203 39 46 158
206 39 47 158
207 39 47 150
209 38 50 150
211 39 50 150
213 39 51 145
213 39 51 145
215 39 51 145
217 39 51 145
219 39 51 145
225 39 44 145
227 39 44 145
229 38 44 145
230 38 44 141
234 38 44 141
236 38 44 141
238 38 43 141
241 36 43 141
242 34 43 141
243 34 43 141
247 35 43 141
247 34 43 141
248 33 43 141
250 33 43 141
253 33 39 141
256 33 39 141
257 35 39 136
259 35 39 136
259 35 41 136
261 33 41 136
262 33 41 136
263 33 41 136
266 31 41 129
267 31 41 130
270 31 41 127
270 31 41 127
271 31 39 125
273 31 39 125
275 31 39 125
276 31 39 125
277 31 39 125
280 31 39 125
281 31 39 125
282 31 39 125
284 31 39 125
283 31 39 125
285 28 39 125
285 28 39 125
285 27 39 125
285 28 39 121
285 28 39 121
285 28 39 121
285 28 39 121
285 28 39 121
285 29 39 121
282 30 39 121
281 29 39 121
281 29 39 121
280 29 39 121
277 28 39 121
276 27 39 121
275 27 36 117
275 27 36 117
275 27 35 117
275 27 35 117
273 28 35 117
270 27 35 117
269 27 35 117
269 29 35 117
266 31 35 117
263 31 35 112
264 28 35 112
261 27 35 112
258 28 35 112
255 27 35 112
255 27 35 112
252 28 35 112
252 28 35 112
249 27 35 112
249 27 35 112
248 27 35 112
247 28 35 109
244 28 35 109
240 29 35 109
240 29 35 109
237 29 35 109
234 29 35 109
230 29 35 109
228 30 35 109
226 30 35 109
226 30 35 109
226 30 35 109
224 29 35 109
221 29 35 109
216 28 35 109
216 28 35 109
215 27 35 109
213 27 35 109
209 27 35 109
207 27 35 109
207 28 35 109
203 27 35 109
203 27 34 109
200 27 32 109
200 27 32 109
199 27 31 109
199 27 31 109
196 27 31 109
195 27 31 109
195 27 31 109
193 27 31 109
191 27 31 109
187 27 33 109
184 27 33 109
182 27 33 109
179 27 33 109
178 28 33 109
172 27 33 109
172 27 33 109
169 27 33 109
168 27 33 109
164 27 33 109
161 27 33 109
161 27 33 109
158 27 33 109
156 27 33 109
154 27 33 109
152 27 33 109
153 28 30 109
151 27 31 109
147 27 31 109
144 27 31 109
144 27 31 109
141 27 31 109
140 27 31 109
138 27 31 109
136 27 31 109
136 27 31 109
136 27 31 109
133 27 31 109
133 27 31 109
131 27 31 109
126 27 35 109
126 27 35 109
123 27 35 109
120 27 35 109
117 27 35 109
114 27 35 109
111 27 35 109
111 27 35 109
107 27 35 109
105 27 35 109
101 27 35 109
101 27 35 109
99 27 35 109
96 27 35 109
94 27 35 109
91 27 38 109
89 27 38 109
88 27 38 109
88 27 38 109
87 27 39 102
84 27 39 101
84 27 39 101
80 27 39 100
80 27 34 100
77 27 35 101
76 27 35 104
76 27 34 103
75 27 34 103
71 29 35 103
68 29 35 103
67 28 35 103
67 28 35 103
63 26 35 103
59 26 35 103
55 26 38 103
55 26 38 103
51 26 39 103
48 26 39 103
48 26 39 103
44 26 39 103
40 27 39 103
40 26 39 103
39 26 40 103
36 26 39 103
36 26 39 103
35 27 39 103
31 27 39 103
28 28 39 103
27 27 36 103
26 28 36 103
24 28 36 103
22 27 36 103
19 27 36 103
19 27 36 103
18 27 35 103
16 27 35 103
12 27 38 103
10 27 38 103
8 28 39 103
5 28 39 103
4 27 39 103
1 27 39 103
1 27 39 103
1 27 39 103
1 27 39 103
0 0 0 0
0 0 0 0
0 0 0 0
0 0 0 0
0 0 0 0
0 0 0 0
0 0 0 0
0 0 0 0
0 0 0 0
0 0 0 0
0 0 0 0
0 0 0 0
0 0 0 0
0 0 0 0
0 0 0 0
0 0 0 0
0 0 0 0
0 0 0 0
0 0 0 0
0 0 0 0
0 0 0 0
0 0 0 0
0 0 0 0
0 0 0 0
0 0 0 0
0 0 0 0
0 0 0 0
0 0 0 0
0 0 0 0
0 0 0 0
0 0 0 0
0 0 0 0
0 0 0 0
0 0 0 0
0 0 0 0
0 0 0 0
0 0 0 0
0 0 0 0
0 0 0 0
0 0 0 0
0 0 0 0
0 0 0 0
0 0 0 0
0 0 0 0
0 0 0 0
0 0 0 0
0 0 0 0
0 0 0 0
0 0 0 0
0 0 0 0
0 0 0 0
0 0 0 0
0 0 0 0
0 0 0 0
0 0 0 0
0 0 0 0
0 0 0 0
0 0 0 0
0 0 0 0
0 0 0 0
0 0 0 0
0 0 0 0
0 0 0 0
0 0 0 0
0 0 0 0
0 0 0 0
0 0 0 0
0 0 0 0
0 0 0 0
0 0 0 0
0 0 0 0
0 0 0 0
0 0 0 0
0 0 0 0
0 0 0 0
0 0 0 0
0 0 0 0
0 0 0 0
0 0 0 0
0 0 0 0
0 0 0 0
0 0 0 0
0 0 0 0
0 0 0 0
0 0 0 0
0 0 0 0
0 0 0 0
0 0 0 0
0 0 0 0
0 0 0 0
0 0 0 0
0 0 0 0
0 0 0 0
0 0 0 0
0 0 0 0
0 0 0 0
0 0 0 0
0 0 0 0
0 0 0 0
0 0 0 0
0 0 0 0
0 0 0 0
0 0 0 0
0 0 0 0
0 0 0 0
0 0 0 0
0 0 0 0
0 0 0 0
0 0 0 0
0 0 0 0
0 0 0 0
0 0 0 0
0 0 0 0
0 0 0 0
0 0 0 0
0 0 0 0
0 0 0 0
0 0 0 0
0 0 0 0
0 0 0 0
0 0 0 0
0 0 0 0
0 0 0 0
0 0 0 0
0 0 0 0
0 0 0 0
0 0 0 0
0 0 0 0
0 0 0 0
0 0 0 0
0 0 0 0
0 0 0 0
0 0 0 0
0 0 0 0
0 0 0 0
0 0 0 0
0 0 0 0
0 0 0 0
0 0 0 0
0 0 0 0
0 0 0 0
0 0 0 0
0 0 0 0
0 0 0 0
0 0 0 0
0 0 0 0
0 0 0 0
0 0 0 0
0 0 0 0
0 0 0 0
0 0 0 0
0 0 0 0
0 0 0 0
0 0 0 0
0 0 0 0
0 0 0 0
0 0 0 0
0 0 0 0
0 0 0 0
0 0 0 0
0 0 0 0
0 0 0 0
0 0 0 0
0 0 0 0
0 0 0 0
0 0 0 0
0 0 0 0
0 0 0 0
0 0 0 0
0 0 0 0
0 0 0 0
0 0 0 0
0 0 0 0
0 0 0 0
0 0 0 0
0 0 0 0
0 0 0 0
0 0 0 0
0 0 0 0
0 0 0 0
0 0 0 0
0 0 0 0
0 0 0 0
0 0 0 0
0 0 0 0
0 0 0 0
0 0 0 0
0 0 0 0
0 0 0 0
0 0 0 0
0 0 0 0
0 0 0 0
0 0 0 0
0 0 0 0
0 0 0 0
0 0 0 0
0 0 0 0
0 0 0 0
0 0 0 0
0 0 0 0
0 0 0 0
0 0 0 0
0 0 0 0
0 0 0 0
0 0 0 0
0 0 0 0
0 0 0 0
0 0 0 0
0 0 0 0
0 0 0 0
0 0 0 0
0 0 0 0
0 0 0 0
0 0 0 0
0 0 0 0
0 0 0 0
0 0 0 0
0 0 0 0
0 0 0 0
0 0 0 0
0 0 0 0
0 0 0 0
0 0 0 0
0 0 0 0
0 0 0 0
0 0 0 0
0 0 0 0
0 0 0 0
0 0 0 0
0 0 0 0
0 0 0 0
0 0 0 0
0 0 0 0
0 0 0 0
0 0 0 0
0 0 0 0
0 0 0 0
0 0 0 0
0 0 0 0
0 0 0 0
0 0 0 0
0 0 0 0
0 0 0 0
0 0 0 0
0 0 0 0
0 0 0 0
0 0 0 0
0 0 0 0
0 0 0 0
0 0 0 0
0 0 0 0
0 0 0 0
0 0 0 0
0 0 0 0
0 0 0 0
0 0 0 0
0 0 0 0
0 0 0 0
0 0 0 0
0 0 0 0
0 0 0 0
0 0 0 0
0 0 0 0
0 0 0 0
0 0 0 0
0 0 0 0
0 0 0 0
0 0 0 0
0 0 0 0
0 0 0 0
0 0 0 0
0 0 0 0
0 0 0 0
0 0 0 0
0 0 0 0
0 0 0 0
0 0 0 0
0 0 0 0
0 0 0 0
0 0 0 0
0 0 0 0
0 0 0 0
0 0 0 0
0 0 0 0
0 0 0 0
0 0 0 0
0 0 0 0
0 0 0 0
0 0 0 0
0 0 0 0
0 0 0 0
0 0 0 0
0 0 0 0
0 0 0 0
0 0 0 0
0 0 0 0
0 0 0 0
0 0 0 0
0 0 0 0
0 0 0 0
0 0 0 0
0 0 0 0
0 0 0 0
0 0 0 0
0 0 0 0
0 0 0 0
0 0 0 0
0 0 0 0
0 0 0 0
0 0 0 0
0 0 0 0
0 0 0 0
0 0 0 0
0 0 0 0
0 0 0 0
0 0 0 0
0 0 0 0
0 0 0 0
0 0 0 0
0 0 0 0
0 0 0 0
0 0 0 0
0 0 0 0
0 0 0 0
0 0 0 0
0 0 0 0
0 0 0 0
0 0 0 0
0 0 0 0
0 0 0 0
0 0 0 0
0 0 0 0
0 0 0 0
0 0 0 0
0 0 0 0
0 0 0 0
0 0 0 0
0 0 0 0
0 0 0 0
0 0 0 0
0 0 0 0
0 0 0 0
0 0 0 0
0 0 0 0
0 0 0 0
0 0 0 0
0 0 0 0
0 0 0 0
0 0 0 0
0 0 0 0
0 0 0 0
0 0 0 0
0 0 0 0
0 0 0 0
0 0 0 0
0 0 0 0
0 0 0 0
0 0 0 0
0 0 0 0
0 0 0 0
0 0 0 0
0 0 0 0
0 0 0 0
0 0 0 0
0 0 0 0
0 0 0 0
0 0 0 0
0 0 0 0
0 0 0 0
0 0 0 0
0 0 0 0
0 0 0 0
0 0 0 0
0 0 0 0
0 0 0 0
0 0 0 0
0 0 0 0
0 0 0 0
0 0 0 0
0 0 0 0
0 0 0 0
0 0 0 0
0 0 0 0
0 0 0 0
0 0 0 0
0 0 0 0
0 0 0 0
0 0 0 0
0 0 0 0
0 0 0 0
0 0 0 0
0 0 0 0
0 0 0 0
0 0 0 0
0 0 0 0
0 0 0 0
0 0 0 0
0 0 0 0
0 0 0 0
0 0 0 0
0 0 0 0
0 0 0 0
0 0 0 0
0 0 0 0
0 0 0 0
0 0 0 0
1 45 64 202
1 41 64 202
1 41 64 202
1 41 64 197
3 41 64 191
2 41 64 188
6 41 64 188
7 41 64 184
9 41 64 184
9 41 64 184
10 41 64 183
10 41 64 183
10 41 64 182
11 41 64 182
12 41 64 182
12 41 64 182
11 41 64 182
12 41 65 175
11 39 69 175
14 39 68 174
14 39 68 174
14 39 68 168
14 39 68 168
14 39 68 168
16 38 68 168
17 39 68 168
19 38 68 168
23 38 68 168
24 38 68 168
27 38 68 168
32 39 68 168
34 39 63 168
35 39 64 164
39 39 64 164
39 39 64 164
43 39 64 156
46 39 57 156
47 39 57 150
49 39 55 150
53 39 52 150
55 39 51 150
58 39 50 150
61 39 50 150
62 37 47 150
66 37 47 150
69 37 44 150
72 37 44 150
73 36 47 150
74 35 47 150
79 34 47 150
81 34 47 150
83 35 50 147
86 35 51 146
85 35 55 137
88 35 55 137
90 34 55 137
92 34 55 137
96 34 55 137
99 34 51 137
101 34 51 137
104 34 51 137
107 34 51 137
111 34 51 137
111 34 51 137
115 34 47 137
117 34 47 137
121 34 47 132
124 34 47 131
126 34 41 131
129 34 41 131
131 34 36 131
133 34 36 131
135 34 36 131
137 34 36 131
140 34 36 131
142 34 36 131
146 34 35 131
149 34 39 131
153 34 39 131
153 34 39 131
155 34 39 130
157 35 39 130
159 34 39 129
161 34 39 129
165 34 39 129
166 34 39 129
166 34 39 129
167 34 39 129
170 34 39 129
172 34 39 129
172 34 39 129
176 33 39 123
178 34 39 123
180 33 39 123
181 34 39 123
183 34 39 123
186 35 39 123
189 35 39 123
191 35 39 123
191 33 39 123
195 33 39 123
198 32 39 123
199 31 39 123
202 31 39 126
202 31 39 126
202 31 39 125
203 31 39 125
205 31 39 125
206 31 39 125
209 31 39 125
209 31 39 125
211 31 39 125
212 31 39 125
217 31 39 125
217 31 39 125
219 31 39 125
221 31 39 125
223 32 39 125
226 31 39 125
228 32 39 125
229 31 36 125
231 31 36 129
233 31 36 129
234 31 36 131
234 31 35 134
236 31 35 133
236 31 35 133
238 31 35 133
239 32 35 133
239 32 39 133
238 34 39 133
238 34 39 133
239 35 39 133
239 35 39 133
240 35 39 133
240 35 39 133
241 35 39 133
241 35 39 133
243 35 39 133
243 35 39 133
245 35 39 133
247 35 39 133
249 35 39 133
251 35 39 133
252 35 39 133
256 36 39 133
258 35 39 133
263 35 39 133
266 35 39 137
268 35 39 137
269 34 39 137
273 35 39 137
275 35 39 139
277 35 39 143
280 35 39 143
281 35 43 142
286 35 43 144
285 35 43 145
285 35 43 149
285 35 43 150
285 35 43 150
288 35 43 151
289 35 43 150
289 35 43 150
293 35 43 151
295 35 43 150
294 35 43 151
296 35 43 150
296 35 46 150
296 35 46 154
296 35 49 154
296 35 48 161
296 37 48 161
295 38 50 161
297 39 50 161
300 41 50 162
298 41 50 162
302 42 50 162
302 40 50 166
305 39 50 166
305 37 51 166
305 37 51 166
307 37 51 170
306 37 51 171
307 36 51 172
310 37 51 176
309 37 51 180
309 37 51 181
309 37 51 181
309 40 51 181
308 41 51 181
308 41 51 181
304 41 52 182
304 41 51 182
304 41 52 182
301 42 52 183
301 42 54 182
301 42 54 182
300 42 51 184
297 42 51 187
296 42 51 193
293 42 51 196
293 44 51 196
289 44 54 196
289 43 54 198
284 46 57 199
284 46 57 199
281 46 56 199
281 45 56 202
278 44 56 202
278 44 56 202
277 43 51 202
273 43 51 207
270 42 51 207
266 42 51 207
263 42 51 207
262 44 51 207
258 43 53 207
253 44 53 207
248 47 53 200
244 49 53 200
240 47 53 200
235 47 52 200
231 46 52 200
225 46 52 200
221 46 52 200
217 43 52 200
214 43 52 206
211 43 52 207
207 42 52 215
204 42 52 215
204 42 52 215
199 42 51 215
196 44 51 210
193 43 51 210
187 45 55 211
187 47 55 203
180 47 55 203
175 47 55 203
170 47 58 203
164 47 59 203
159 48 59 203
154 47 59 203
150 47 59 203
146 47 59 203
141 47 60 203
137 47 60 203
133 47 64 203
129 47 64 203
129 47 63 204
123 47 64 204
122 46 64 204
120 47 64 204
115 47 64 204
112 48 61 204
112 47 56 203
108 47 56 203
106 45 56 203
102 43 55 203
99 43 55 203
99 43 55 203
96 43 55 203
94 43 55 203
92 42 55 203
89 42 58 203
89 42 58 203
85 43 61 203
81 43 61 203
80 46 61 199
76 46 60 199
73 47 64 199
69 47 64 191
64 46 65 191
62 46 64 186
59 45 64 186
59 44 64 185
51 42 64 189
51 39 64 191
50 39 64 191
50 39 64 191
47 39 64 191
46 41 64 191
46 41 64 188
46 41 64 187
44 41 64 187
44 41 64 187
43 41 64 186
43 41 64 186
43 40 64 186
43 40 64 186
43 37 64 186
43 35 64 186
43 32 64 180
43 32 64 180
43 31 64 179
43 32 64 174
43 33 64 175
42 35 64 174
43 35 64 174
42 35 64 172
40 35 64 172
36 35 64 171
37 37 64 167
37 37 64 167
35 37 64 166
32 37 64 160
30 37 64 159
29 37 64 158
29 37 64 158
29 37 64 158
28 37 64 158
26 37 64 158
26 36 64 158
27 35 64 158
27 37 64 158
27 36 59 158
26 35 59 158
26 35 59 158
26 35 59 158
26 35 59 158
25 34 59 158
25 34 59 154
25 34 59 154
25 34 59 154
25 34 59 154
23 33 59 149
23 33 59 149
23 33 59 149
23 33 59 149
20 34 59 149
19 35 59 145
18 36 59 145
16 35 59 145
12 34 59 145
9 35 59 145
8 35 59 145
6 35 59 145
6 33 59 145
4 32 59 145
2 32 59 145
2 31 59 145
2 31 59 145
1 34 59 145
1 35 54 145
1 34 54 141
1 34 51 139
1 33 51 141
1 33 51 141
1 32 49 143
1 31 49 145
1 31 48 145
1 31 47 145
1 31 47 145
1 31 47 145
1 31 47 145
1 31 47 145
1 31 47 145
0 0 0 0
0 0 0 0
0 0 0 0
0 0 0 0
0 0 0 0
0 0 0 0
0 0 0 0
0 0 0 0
0 0 0 0
0 0 0 0
0 0 0 0
0 0 0 0
0 0 0 0
0 0 0 0
0 0 0 0
0 0 0 0
0 0 0 0
0 0 0 0
0 0 0 0
0 0 0 0
0 0 0 0
0 0 0 0
0 0 0 0
0 0 0 0
0 0 0 0
0 0 0 0
0 0 0 0
0 0 0 0
0 0 0 0
0 0 0 0
0 0 0 0
0 0 0 0
0 0 0 0
0 0 0 0
0 0 0 0
0 0 0 0
0 0 0 0
0 0 0 0
0 0 0 0
0 0 0 0
0 0 0 0
0 0 0 0
0 0 0 0
0 0 0 0
0 0 0 0
0 0 0 0
0 0 0 0
0 0 0 0
0 0 0 0
0 0 0 0
0 0 0 0
0 0 0 0
0 0 0 0
0 0 0 0
0 0 0 0
0 0 0 0
0 0 0 0
0 0 0 0
0 0 0 0
0 0 0 0
0 0 0 0
0 0 0 0
0 0 0 0
0 0 0 0
0 0 0 0
0 0 0 0
0 0 0 0
0 0 0 0
0 0 0 0
0 0 0 0
0 0 0 0
0 0 0 0
0 0 0 0
0 0 0 0
0 0 0 0
0 0 0 0
0 0 0 0
0 0 0 0
0 0 0 0
0 0 0 0
0 0 0 0
0 0 0 0
0 0 0 0
0 0 0 0
0 0 0 0
0 0 0 0
0 0 0 0
0 0 0 0
0 0 0 0
0 0 0 0
0 0 0 0
0 0 0 0
0 0 0 0
0 0 0 0
0 0 0 0
0 0 0 0
0 0 0 0
0 0 0 0
0 0 0 0
0 0 0 0
0 0 0 0
0 0 0 0
0 0 0 0
0 0 0 0
0 0 0 0
0 0 0 0
0 0 0 0
0 0 0 0
0 0 0 0
0 0 0 0
0 0 0 0
0 0 0 0
0 0 0 0
0 0 0 0
0 0 0 0
0 0 0 0
0 0 0 0
0 0 0 0
0 0 0 0
0 0 0 0
0 0 0 0
0 0 0 0
0 0 0 0
0 0 0 0
0 0 0 0
0 0 0 0
0 0 0 0
0 0 0 0
0 0 0 0
0 0 0 0
0 0 0 0
0 0 0 0
0 0 0 0
0 0 0 0
0 0 0 0
0 0 0 0
0 0 0 0
0 0 0 0
0 0 0 0
0 0 0 0
0 0 0 0
0 0 0 0
0 0 0 0
0 0 0 0
0 0 0 0
0 0 0 0
0 0 0 0
0 0 0 0
0 0 0 0
0 0 0 0
0 0 0 0
0 0 0 0
0 0 0 0
0 0 0 0
0 0 0 0
0 0 0 0
0 0 0 0
0 0 0 0
0 0 0 0
0 0 0 0
0 0 0 0
0 0 0 0
0 0 0 0
0 0 0 0
0 0 0 0
0 0 0 0
0 0 0 0
0 0 0 0
0 0 0 0
0 0 0 0
0 0 0 0
0 0 0 0
0 0 0 0
0 0 0 0
0 0 0 0
0 0 0 0
0 0 0 0
0 0 0 0
0 0 0 0
0 0 0 0
0 0 0 0
0 0 0 0
0 0 0 0
0 0 0 0
0 0 0 0
0 0 0 0
0 0 0 0
0 0 0 0
0 0 0 0
0 0 0 0
0 0 0 0
0 0 0 0
0 0 0 0
0 0 0 0
0 0 0 0
0 0 0 0
0 0 0 0
0 0 0 0
0 0 0 0
0 0 0 0
0 0 0 0
0 0 0 0
0 0 0 0
0 0 0 0
0 0 0 0
0 0 0 0
0 0 0 0
0 0 0 0
0 0 0 0
0 0 0 0
0 0 0 0
0 0 0 0
0 0 0 0
0 0 0 0
0 0 0 0
0 0 0 0
0 0 0 0
0 0 0 0
0 0 0 0
0 0 0 0
0 0 0 0
0 0 0 0
0 0 0 0
0 0 0 0
0 0 0 0
0 0 0 0
0 0 0 0
0 0 0 0
0 0 0 0
0 0 0 0
0 0 0 0
0 0 0 0
0 0 0 0
0 0 0 0
0 0 0 0
0 0 0 0
0 0 0 0
0 0 0 0
0 0 0 0
0 0 0 0
0 0 0 0
0 0 0 0
0 0 0 0
0 0 0 0
0 0 0 0
0 0 0 0
0 0 0 0
0 0 0 0
0 0 0 0
0 0 0 0
0 0 0 0
0 0 0 0
0 0 0 0
0 0 0 0
0 0 0 0
0 0 0 0
0 0 0 0
0 0 0 0
0 0 0 0
0 0 0 0
0 0 0 0
0 0 0 0
0 0 0 0
0 0 0 0
0 0 0 0
0 0 0 0
0 0 0 0
0 0 0 0
0 0 0 0
0 0 0 0
0 0 0 0
0 0 0 0
0 0 0 0
0 0 0 0
0 0 0 0
0 0 0 0
0 0 0 0
0 0 0 0
0 0 0 0
0 0 0 0
0 0 0 0
0 0 0 0
0 0 0 0
0 0 0 0
0 0 0 0
0 0 0 0
0 0 0 0
0 0 0 0
0 0 0 0
0 0 0 0
1 48 68 232
5 47 68 232
7 47 68 225
12 47 81 225
15 47 81 216
20 47 80 216
25 47 80 212
31 47 80 212
33 47 80 212
37 47 80 212
40 47 80 212
46 47 80 212
51 47 80 212
56 46 80 207
59 46 80 205
66 45 69 205
69 43 70 202
77 45 57 193
80 44 63 193
80 43 67 193
80 43 66 186
83 43 66 186
85 43 66 191
85 43 66 191
88 43 67 191
96 43 64 191
97 43 64 191
96 43 64 191
100 42 64 191
101 41 64 191
104 40 64 191
105 39 68 191
105 39 68 182
108 39 70 176
109 39 68 175
113 38 68 174
113 38 68 174
110 39 69 174
110 39 68 174
109 38 68 174
111 40 68 171
113 39 63 170
115 39 63 170
115 39 63 170
121 38 63 170
121 38 63 170
121 38 63 170
124 38 57 170
124 36 57 170
124 34 57 170
124 34 56 163
126 34 56 163
125 34 55 160
126 34 55 160
126 34 55 160
125 34 55 160
126 34 55 160
125 36 55 155
125 35 55 156
125 37 55 156
125 37 55 156
122 37 55 156
121 36 58 150
121 33 59 150
120 35 59 150
117 33 59 150
117 34 56 150
115 34 55 150
114 34 55 148
112 35 55 144
112 35 55 145
109 35 53 145
109 35 51 145
108 35 51 145
106 35 53 145
106 35 53 145
105 35 52 145
105 35 49 145
105 35 49 145
105 35 48 145
106 33 44 145
105 33 43 145
105 33 42 145
105 33 41 145
104 33 40 145
102 33 43 145
99 34 43 145
99 34 43 141
99 34 43 141
99 34 47 141
95 34 47 141
95 34 47 141
94 33 47 141
90 33 48 141
89 34 48 141
88 34 47 141
84 34 51 137
81 33 51 137
76 33 51 137
76 33 51 133
76 33 51 133
76 33 51 133
72 34 51 133
68 34 52 133
68 34 51 133
68 34 48 133
66 32 48 133
64 31 48 133
64 32 47 133
62 31 47 133
64 31 44 133
64 31 43 133
64 31 43 133
64 30 43 133
62 31 43 133
60 31 43 133
60 31 43 133
59 31 43 133
58 28 43 133
58 28 43 133
56 27 43 133
55 28 43 133
53 27 43 133
51 27 43 133
49 27 43 133
49 27 43 133
47 27 43 129
44 27 43 129
44 27 43 129
39 27 43 129
39 27 45 129
35 27 44 129
35 27 49 129
31 27 48 129
31 27 48 129
28 27 47 129
27 28 47 127
26 30 47 127
23 30 47 127
23 30 47 127
19 30 47 126
19 31 47 125
19 31 47 125
18 31 47 125
18 31 47 125
14 30 47 125
14 30 47 125
14 30 47 125
14 30 47 125
14 30 44 125
14 30 41 125
10 30 41 125
8 30 41 125
8 30 41 125
7 30 40 125
5 30 39 125
2 30 39 125
2 30 39 125
1 28 39 125
1 28 39 125
1 27 39 125
1 27 39 125
1 27 39 125
0 0 0 0
0 0 0 0
0 0 0 0
0 0 0 0
0 0 0 0
0 0 0 0
0 0 0 0
0 0 0 0
0 0 0 0
0 0 0 0
0 0 0 0
0 0 0 0
0 0 0 0
0 0 0 0
0 0 0 0
0 0 0 0
0 0 0 0
0 0 0 0
0 0 0 0
0 0 0 0
0 0 0 0
0 0 0 0
0 0 0 0
0 0 0 0
0 0 0 0
0 0 0 0
0 0 0 0
0 0 0 0
0 0 0 0
0 0 0 0
0 0 0 0
0 0 0 0
0 0 0 0
0 0 0 0
0 0 0 0
0 0 0 0
0 0 0 0
0 0 0 0
0 0 0 0
0 0 0 0
0 0 0 0
0 0 0 0
0 0 0 0
0 0 0 0
0 0 0 0
0 0 0 0
0 0 0 0
0 0 0 0
0 0 0 0
0 0 0 0
0 0 0 0
0 0 0 0
0 0 0 0
0 0 0 0
0 0 0 0
0 0 0 0
0 0 0 0
0 0 0 0
0 0 0 0
0 0 0 0
0 0 0 0
0 0 0 0
0 0 0 0
0 0 0 0
0 0 0 0
0 0 0 0
0 0 0 0
0 0 0 0
0 0 0 0
0 0 0 0
0 0 0 0
0 0 0 0
0 0 0 0
0 0 0 0
0 0 0 0
0 0 0 0
0 0 0 0
0 0 0 0
0 0 0 0
0 0 0 0
0 0 0 0
0 0 0 0
0 0 0 0
0 0 0 0
0 0 0 0
0 0 0 0
0 0 0 0
0 0 0 0
0 0 0 0
0 0 0 0
0 0 0 0
0 0 0 0
0 0 0 0
0 0 0 0
0 0 0 0
0 0 0 0
0 0 0 0
0 0 0 0
0 0 0 0
0 0 0 0
0 0 0 0
0 0 0 0
0 0 0 0
0 0 0 0
0 0 0 0
0 0 0 0
0 0 0 0
0 0 0 0
0 0 0 0
0 0 0 0
0 0 0 0
0 0 0 0
0 0 0 0
0 0 0 0
0 0 0 0
0 0 0 0
0 0 0 0
0 0 0 0
0 0 0 0
0 0 0 0
0 0 0 0
0 0 0 0
0 0 0 0
0 0 0 0
0 0 0 0
0 0 0 0
0 0 0 0
0 0 0 0
0 0 0 0
0 0 0 0
0 0 0 0
0 0 0 0
0 0 0 0
0 0 0 0
0 0 0 0
0 0 0 0
0 0 0 0
0 0 0 0
0 0 0 0
0 0 0 0
0 0 0 0
0 0 0 0
0 0 0 0
0 0 0 0
0 0 0 0
0 0 0 0
0 0 0 0
0 0 0 0
0 0 0 0
0 0 0 0
0 0 0 0
0 0 0 0
0 0 0 0
0 0 0 0
0 0 0 0
0 0 0 0
0 0 0 0
0 0 0 0
0 0 0 0
0 0 0 0
0 0 0 0
0 0 0 0
0 0 0 0
0 0 0 0
0 0 0 0
0 0 0 0
0 0 0 0
0 0 0 0
0 0 0 0
0 0 0 0
0 0 0 0
0 0 0 0
0 0 0 0
0 0 0 0
0 0 0 0
0 0 0 0
0 0 0 0
0 0 0 0
0 0 0 0
0 0 0 0
0 0 0 0
0 0 0 0
0 0 0 0
0 0 0 0
0 0 0 0
0 0 0 0
0 0 0 0
0 0 0 0
0 0 0 0
0 0 0 0
0 0 0 0
0 0 0 0
0 0 0 0
0 0 0 0
0 0 0 0
0 0 0 0
0 0 0 0
0 0 0 0
0 0 0 0
0 0 0 0
0 0 0 0
0 0 0 0
0 0 0 0
0 0 0 0
0 0 0 0
0 0 0 0
0 0 0 0
0 0 0 0
0 0 0 0
0 0 0 0
0 0 0 0
0 0 0 0
0 0 0 0
0 0 0 0
0 0 0 0
0 0 0 0
0 0 0 0
0 0 0 0
0 0 0 0
0 0 0 0
0 0 0 0
0 0 0 0
0 0 0 0
0 0 0 0
0 0 0 0
0 0 0 0
0 0 0 0
0 0 0 0
0 0 0 0
0 0 0 0
0 0 0 0
0 0 0 0
0 0 0 0
0 0 0 0
0 0 0 0
0 0 0 0
0 0 0 0
0 0 0 0
0 0 0 0
0 0 0 0
0 0 0 0
0 0 0 0
0 0 0 0
0 0 0 0
0 0 0 0
0 0 0 0
0 0 0 0
0 0 0 0
0 0 0 0
0 0 0 0
0 0 0 0
0 0 0 0
0 0 0 0
0 0 0 0
0 0 0 0
0 0 0 0
0 0 0 0
0 0 0 0
0 0 0 0
0 0 0 0
0 0 0 0
0 0 0 0
0 0 0 0
0 0 0 0
0 0 0 0
0 0 0 0
0 0 0 0
0 0 0 0
0 0 0 0
0 0 0 0
1 39 56 159
2 39 56 158
2 39 59 158
5 39 59 158
6 39 59 158
10 39 59 158
12 37 59 160
14 37 59 160
18 38 59 160
21 38 59 160
25 39 59 160
28 39 59 160
34 37 59 160
34 37 59 160
39 37 59 160
43 37 59 160
47 37 59 160
50 37 59 160
52 38 59 160
56 38 59 160
59 38 59 160
62 38 59 160
68 38 59 160
71 37 59 160
75 38 59 160
79 38 53 160
83 38 53 160
88 38 53 160
90 38 53 160
92 38 53 160
96 37 53 160
99 37 53 156
103 37 53 156
104 37 53 156
107 38 49 157
109 38 49 158
112 38 49 158
114 38 52 158
114 38 51 158
117 38 51 158
120 38 51 158
123 38 51 158
125 38 51 158
128 38 51 158
130 39 51 158
133 39 51 158
137 39 51 158
142 37 51 160
146 37 48 160
150 37 45 160
153 37 44 160
155 37 45 160
158 38 45 160
161 38 44 160
164 39 44 160
166 39 44 160
171 37 44 160
174 38 43 160
176 38 43 160
179 37 43 160
183 38 43 160
187 38 43 160
187 38 43 160
191 36 43 160
193 35 43 160
195 33 39 160
199 33 39 160
202 33 39 160
202 33 39 160
203 33 39 160
206 33 39 160
209 34 39 160
208 34 43 160
211 34 43 160
211 34 45 160
212 34 45 160
211 34 50 160
215 34 51 160
215 34 51 160
215 35 51 160
216 35 51 160
219 35 51 160
224 35 51 160
225 35 51 160
227 37 51 160
228 37 51 160
231 37 47 160
233 37 47 160
235 37 43 160
237 37 43 160
237 37 43 160
236 37 43 160
236 37 43 160
236 37 49 160
234 39 48 160
234 39 48 160
234 39 47 158
231 39 47 158
228 39 47 158
225 39 47 158
225 39 47 158
220 39 47 158
220 39 47 158
216 38 47 158
214 38 47 158
215 38 42 158
211 38 43 158
211 39 43 161
208 37 43 164
207 37 43 169
207 37 43 166
204 38 43 166
201 38 43 163
200 38 43 162
197 38 46 164
195 38 46 162
193 39 46 163
190 39 46 162
187 40 47 162
183 39 47 162
180 39 47 162
176 40 47 162
175 39 43 162
172 39 47 162
169 39 47 162
166 39 47 162
163 39 47 162
162 39 48 162
158 38 48 162
158 40 47 162
154 39 47 162
151 39 51 162
146 40 51 162
144 39 51 162
144 40 51 162
138 42 51 162
136 42 51 162
132 43 51 162
129 43 51 162
129 43 48 162
126 43 48 162
122 42 49 162
120 42 49 162
117 42 49 162
117 42 51 162
114 42 51 162
112 42 51 162
112 42 51 162
109 42 51 162
109 42 51 162
106 43 51 160
104 43 51 156
101 43 51 157
101 43 51 157
97 43 51 158
95 43 51 158
91 42 51 158
88 41 50 158
84 41 51 158
80 41 51 158
79 40 51 158
76 38 51 158
76 38 51 158
72 39 53 158
72 40 52 158
71 39 51 158
69 39 51 158
69 39 51 158
65 38 54 158
61 37 55 158
58 37 55 158
58 37 55 158
57 35 55 158
57 35 55 158
55 34 55 158
53 33 55 158
51 33 55 158
51 33 55 158
51 33 55 158
50 32 55 158
50 32 55 158
50 31 55 158
48 35 53 150
47 31 53 151
46 35 53 147
45 35 53 150
43 35 53 145
42 36 52 150
40 35 52 146
37 36 51 150
33 38 56 147
31 37 51 146
28 37 51 146
26 38 57 144
25 37 57 144
21 37 57 144
21 38 57 144
20 38 57 144
18 37 57 144
17 39 57 144
16 38 57 144
14 40 57 141
14 40 57 141
14 39 56 141
14 39 56 141
14 38 55 141
14 37 55 141
14 37 55 141
14 37 55 141
14 37 55 141
14 36 55 141
13 35 55 141
11 35 55 135
10 35 55 136
10 35 55 136
10 35 51 136
7 35 51 136
7 35 51 136
4 37 51 132
2 37 51 132
1 37 51 132
1 37 51 132
1 37 51 132
1 37 51 132
1 37 51 132
1 37 51 132
1 37 51 132
0 0 0 0
0 0 0 0
0 0 0 0
0 0 0 0
0 0 0 0
0 0 0 0
0 0 0 0
0 0 0 0
0 0 0 0
0 0 0 0
0 0 0 0
0 0 0 0
0 0 0 0
0 0 0 0
0 0 0 0
0 0 0 0
0 0 0 0
0 0 0 0
0 0 0 0
0 0 0 0
0 0 0 0
0 0 0 0
0 0 0 0
0 0 0 0
0 0 0 0
0 0 0 0
0 0 0 0
0 0 0 0
0 0 0 0
0 0 0 0
0 0 0 0
0 0 0 0
0 0 0 0
0 0 0 0
0 0 0 0
0 0 0 0
0 0 0 0
0 0 0 0
0 0 0 0
0 0 0 0
0 0 0 0
0 0 0 0
0 0 0 0
0 0 0 0
0 0 0 0
0 0 0 0
0 0 0 0
0 0 0 0
0 0 0 0
0 0 0 0
0 0 0 0
0 0 0 0
0 0 0 0
0 0 0 0
0 0 0 0
0 0 0 0
0 0 0 0
0 0 0 0
0 0 0 0
0 0 0 0
0 0 0 0
0 0 0 0
0 0 0 0
0 0 0 0
0 0 0 0
0 0 0 0
0 0 0 0
0 0 0 0
0 0 0 0
0 0 0 0
0 0 0 0
0 0 0 0
0 0 0 0
0 0 0 0
0 0 0 0
0 0 0 0
0 0 0 0
0 0 0 0
0 0 0 0
0 0 0 0
0 0 0 0
0 0 0 0
0 0 0 0
0 0 0 0
0 0 0 0
