0 0 0 0
0 0 0 0
0 0 0 0
0 0 0 0
0 0 0 0
0 0 0 0
0 0 0 0
0 0 0 0
0 0 0 0
0 0 0 0
0 0 0 0
0 0 0 0
0 0 0 0
0 0 0 0
0 0 0 0
0 0 0 0
0 0 0 0
0 0 0 0
0 0 0 0
0 0 0 0
0 0 0 0
0 0 0 0
0 0 0 0
0 0 0 0
0 0 0 0
0 0 0 0
0 0 0 0
0 0 0 0
0 0 0 0
0 0 0 0
0 0 0 0
0 0 0 0
0 0 0 0
0 0 0 0
0 0 0 0
0 0 0 0
0 0 0 0
0 0 0 0
0 0 0 0
0 0 0 0
0 0 0 0
0 0 0 0
0 0 0 0
0 0 0 0
0 0 0 0
0 0 0 0
0 0 0 0
0 0 0 0
0 0 0 0
0 0 0 0
0 0 0 0
0 0 0 0
0 0 0 0
0 0 0 0
0 0 0 0
0 0 0 0
0 0 0 0
0 0 0 0
0 0 0 0
0 0 0 0
0 0 0 0
0 0 0 0
0 0 0 0
0 0 0 0
0 0 0 0
0 0 0 0
0 0 0 0
0 0 0 0
0 0 0 0
0 0 0 0
0 0 0 0
0 0 0 0
0 0 0 0
0 0 0 0
0 0 0 0
0 0 0 0
0 0 0 0
0 0 0 0
0 0 0 0
0 0 0 0
0 0 0 0
0 0 0 0
0 0 0 0
0 0 0 0
0 0 0 0
0 0 0 0
0 0 0 0
0 0 0 0
0 0 0 0
0 0 0 0
0 0 0 0
0 0 0 0
0 0 0 0
0 0 0 0
0 0 0 0
0 0 0 0
0 0 0 0
0 0 0 0
0 0 0 0
0 0 0 0
0 0 0 0
0 0 0 0
0 0 0 0
0 0 0 0
0 0 0 0
0 0 0 0
0 0 0 0
0 0 0 0
0 0 0 0
0 0 0 0
0 0 0 0
0 0 0 0
0 0 0 0
0 0 0 0
0 0 0 0
0 0 0 0
0 0 0 0
0 0 0 0
0 0 0 0
0 0 0 0
0 0 0 0
0 0 0 0
0 0 0 0
0 0 0 0
0 0 0 0
0 0 0 0
0 0 0 0
0 0 0 0
0 0 0 0
0 0 0 0
0 0 0 0
0 0 0 0
0 0 0 0
0 0 0 0
0 0 0 0
0 0 0 0
0 0 0 0
0 0 0 0
0 0 0 0
0 0 0 0
0 0 0 0
0 0 0 0
0 0 0 0
0 0 0 0
0 0 0 0
0 0 0 0
0 0 0 0
0 0 0 0
0 0 0 0
0 0 0 0
0 0 0 0
0 0 0 0
0 0 0 0
0 0 0 0
0 0 0 0
0 0 0 0
0 0 0 0
0 0 0 0
0 0 0 0
0 0 0 0
0 0 0 0
0 0 0 0
0 0 0 0
0 0 0 0
0 0 0 0
0 0 0 0
0 0 0 0
0 0 0 0
0 0 0 0
0 0 0 0
0 0 0 0
0 0 0 0
0 0 0 0
0 0 0 0
0 0 0 0
0 0 0 0
0 0 0 0
0 0 0 0
0 0 0 0
0 0 0 0
0 0 0 0
0 0 0 0
0 0 0 0
0 0 0 0
0 0 0 0
0 0 0 0
0 0 0 0
0 0 0 0
0 0 0 0
0 0 0 0
0 0 0 0
0 0 0 0
0 0 0 0
0 0 0 0
0 0 0 0
0 0 0 0
0 0 0 0
0 0 0 0
0 0 0 0
0 0 0 0
0 0 0 0
0 0 0 0
0 0 0 0
0 0 0 0
0 0 0 0
0 0 0 0
0 0 0 0
0 0 0 0
0 0 0 0
0 0 0 0
0 0 0 0
0 0 0 0
0 0 0 0
0 0 0 0
0 0 0 0
0 0 0 0
0 0 0 0
0 0 0 0
0 0 0 0
0 0 0 0
0 0 0 0
0 0 0 0
0 0 0 0
0 0 0 0
0 0 0 0
0 0 0 0
0 0 0 0
0 0 0 0
0 0 0 0
0 0 0 0
0 0 0 0
0 0 0 0
0 0 0 0
0 0 0 0
0 0 0 0
0 0 0 0
0 0 0 0
0 0 0 0
0 0 0 0
0 0 0 0
0 0 0 0
0 0 0 0
0 0 0 0
0 0 0 0
0 0 0 0
0 0 0 0
0 0 0 0
0 0 0 0
0 0 0 0
0 0 0 0
0 0 0 0
0 0 0 0
0 0 0 0
0 0 0 0
0 0 0 0
0 0 0 0
0 0 0 0
0 0 0 0
0 0 0 0
0 0 0 0
0 0 0 0
0 0 0 0
0 0 0 0
0 0 0 0
0 0 0 0
0 0 0 0
0 0 0 0
0 0 0 0
0 0 0 0
0 0 0 0
0 0 0 0
0 0 0 0
0 0 0 0
0 0 0 0
0 0 0 0
0 0 0 0
0 0 0 0
0 0 0 0
0 0 0 0
0 0 0 0
0 0 0 0
0 0 0 0
0 0 0 0
0 0 0 0
0 0 0 0
0 0 0 0
0 0 0 0
0 0 0 0
0 0 0 0
0 0 0 0
0 0 0 0
0 0 0 0
0 0 0 0
0 0 0 0
0 0 0 0
0 0 0 0
0 0 0 0
0 0 0 0
0 0 0 0
0 0 0 0
0 0 0 0
0 0 0 0
0 0 0 0
0 0 0 0
0 0 0 0
0 0 0 0
0 0 0 0
0 0 0 0
0 0 0 0
0 0 0 0
0 0 0 0
0 0 0 0
0 0 0 0
0 0 0 0
0 0 0 0
0 0 0 0
0 0 0 0
0 0 0 0
0 0 0 0
0 0 0 0
0 0 0 0
0 0 0 0
0 0 0 0
0 0 0 0
0 0 0 0
0 0 0 0
0 0 0 0
0 0 0 0
0 0 0 0
0 0 0 0
0 0 0 0
0 0 0 0
0 0 0 0
0 0 0 0
0 0 0 0
0 0 0 0
0 0 0 0
0 0 0 0
0 0 0 0
0 0 0 0
0 0 0 0
0 0 0 0
0 0 0 0
0 0 0 0
0 0 0 0
0 0 0 0
0 0 0 0
0 0 0 0
0 0 0 0
0 0 0 0
0 0 0 0
0 0 0 0
0 0 0 0
0 0 0 0
0 0 0 0
0 0 0 0
0 0 0 0
0 0 0 0
0 0 0 0
0 0 0 0
0 0 0 0
0 0 0 0
0 0 0 0
0 0 0 0
0 0 0 0
0 0 0 0
0 0 0 0
0 0 0 0
0 0 0 0
0 0 0 0
0 0 0 0
0 0 0 0
0 0 0 0
0 0 0 0
0 0 0 0
0 0 0 0
0 0 0 0
0 0 0 0
0 0 0 0
0 0 0 0
567 28 73 217
565 30 73 217
561 27 74 217
556 26 74 217
554 25 74 211
550 24 74 211
548 26 74 206
544 24 74 206
539 25 74 206
539 25 74 206
536 26 74 198
533 24 74 192
532 27 74 192
532 26 74 183
532 25 68 182
532 24 68 176
532 24 66 172
531 24 66 173
527 24 66 170
525 24 66 170
522 22 66 170
522 22 66 170
522 22 66 170
522 22 66 170
511 22 69 170
511 22 68 160
511 22 68 165
507 24 68 165
504 24 68 165
501 24 68 165
497 24 60 165
495 24 57 165
490 24 59 165
486 24 58 165
487 23 57 165
487 23 57 165
484 21 57 168
481 20 57 175
480 20 57 171
479 19 57 174
477 19 57 174
477 19 57 174
473 19 58 174
473 19 58 174
473 19 57 174
472 19 57 174
470 19 57 174
467 20 57 174
464 21 57 174
462 21 57 174
461 23 57 174
458 23 57 174
452 23 58 174
452 23 58 174
451 23 57 174
451 23 57 174
451 23 57 174
447 23 57 174
445 24 57 170
445 24 57 168
442 24 57 169
441 24 57 169
440 24 57 169
440 24 57 169
440 24 57 169
440 24 57 169
440 24 57 169
440 24 57 169
440 24 57 169
440 24 57 169
440 24 57 169
440 24 57 169
440 24 57 169
440 24 57 169
440 24 57 169
440 24 57 170
442 24 57 171
443 23 57 171
442 22 57 171
444 23 57 171
444 23 58 171
444 23 61 171
444 23 63 171
445 21 63 171
450 20 63 171
450 20 63 171
452 19 63 171
459 19 56 171
461 19 56 166
463 20 57 165
464 19 57 165
469 19 59 165
469 19 59 165
470 19 57 165
473 19 57 165
473 19 57 160
478 19 57 160
478 19 57 160
483 19 57 160
484 18 57 160
489 18 57 160
482 18 66 160
484 18 67 160
489 19 64 160
490 18 66 160
495 17 63 160
495 18 63 160
496 17 63 160
496 17 63 160
498 19 63 160
498 19 63 160
499 17 63 160
499 17 63 160
499 17 63 160
499 17 63 160
499 17 63 160
499 17 63 160
499 17 63 160
499 17 63 160
499 17 63 160
500 17 63 154
499 16 63 154
499 16 63 154
499 15 63 154
499 14 57 154
499 14 54 150
499 14 54 150
499 16 53 149
499 16 53 149
499 15 52 149
501 16 52 149
501 16 52 149
501 15 52 149
501 14 52 149
501 14 52 149
501 14 52 149
501 14 52 149
501 14 52 144
501 14 52 144
495 14 54 144
495 14 57 139
495 12 57 138
495 12 56 138
495 12 56 138
495 12 56 138
495 12 56 138
495 12 56 138
495 12 56 138
490 12 57 138
490 12 57 138
489 12 57 138
489 12 57 138
485 12 57 134
485 12 57 134
488 12 51 129
488 12 51 129
488 12 51 128
488 12 51 127
488 12 46 127
488 12 46 127
488 12 46 127
484 14 46 123
484 14 46 123
484 14 46 122
484 14 46 122
484 14 46 122
484 14 46 122
484 14 46 122
479 14 46 122
479 13 46 119
479 13 46 119
479 13 46 118
479 13 46 117
479 13 46 117
479 13 46 117
479 13 46 117
479 13 46 117
478 13 46 117
476 13 46 117
476 14 46 113
475 14 46 111
474 16 46 110
474 16 46 110
474 14 41 110
472 14 42 110
472 14 41 108
472 13 41 108
471 12 41 108
471 12 42 107
471 12 42 107
471 12 41 106
473 12 41 106
473 12 41 106
473 12 41 106
473 12 41 106
473 12 41 106
477 14 41 106
477 11 41 106
477 11 44 106
479 9 44 108
481 8 44 108
482 8 44 108
484 8 44 108
485 8 45 108
486 8 45 108
488 8 45 108
488 8 45 108
489 8 45 107
490 8 46 107
490 8 46 107
491 8 46 106
491 8 46 106
490 8 46 106
492 8 46 106
494 8 42 106
496 7 41 106
497 7 41 106
498 7 41 106
498 7 41 106
499 7 41 102
500 7 41 102
500 7 41 102
501 7 41 101
502 7 41 101
504 7 41 101
505 7 41 101
507 7 41 101
510 6 41 101
511 7 41 101
514 7 41 101
516 7 41 101
517 7 41 101
521 6 41 101
522 5 41 101
526 3 41 101
527 3 41 100
527 3 43 100
528 3 43 100
530 3 42 100
531 3 42 100
533 3 42 100
535 3 42 100
537 3 41 100
538 3 41 100
538 3 41 100
539 3 41 100
539 3 41 100
542 3 41 100
543 3 41 100
543 3 41 100
545 3 41 100
546 3 41 100
548 2 41 100
548 2 41 100
549 1 41 100
550 1 41 104
550 1 41 104
554 2 41 98
554 2 41 99
555 2 41 100
557 2 41 100
559 3 41 100
563 3 41 100
565 3 41 100
566 3 41 100
568 3 41 100
572 2 41 100
575 3 41 100
579 2 41 100
582 2 41 100
582 3 41 100
583 3 41 100
584 3 41 100
584 3 41 100
586 3 41 100
587 3 41 100
593 3 41 100
594 3 41 100
595 3 41 100
597 3 41 100
599 3 41 100
599 3 41 100
599 3 41 100
599 3 41 100
599 3 41 100
599 3 41 100
599 3 41 100
0 0 0 0
0 0 0 0
0 0 0 0
0 0 0 0
0 0 0 0
0 0 0 0
0 0 0 0
0 0 0 0
0 0 0 0
0 0 0 0
0 0 0 0
0 0 0 0
0 0 0 0
0 0 0 0
0 0 0 0
0 0 0 0
0 0 0 0
0 0 0 0
0 0 0 0
0 0 0 0
0 0 0 0
0 0 0 0
0 0 0 0
0 0 0 0
0 0 0 0
0 0 0 0
0 0 0 0
0 0 0 0
0 0 0 0
0 0 0 0
0 0 0 0
0 0 0 0
0 0 0 0
0 0 0 0
0 0 0 0
0 0 0 0
0 0 0 0
0 0 0 0
0 0 0 0
0 0 0 0
0 0 0 0
0 0 0 0
0 0 0 0
0 0 0 0
0 0 0 0
0 0 0 0
0 0 0 0
0 0 0 0
0 0 0 0
0 0 0 0
0 0 0 0
0 0 0 0
0 0 0 0
0 0 0 0
0 0 0 0
0 0 0 0
0 0 0 0
0 0 0 0
0 0 0 0
0 0 0 0
0 0 0 0
0 0 0 0
0 0 0 0
0 0 0 0
0 0 0 0
0 0 0 0
0 0 0 0
0 0 0 0
0 0 0 0
0 0 0 0
0 0 0 0
0 0 0 0
0 0 0 0
0 0 0 0
0 0 0 0
0 0 0 0
0 0 0 0
0 0 0 0
0 0 0 0
0 0 0 0
0 0 0 0
0 0 0 0
0 0 0 0
0 0 0 0
0 0 0 0
0 0 0 0
0 0 0 0
0 0 0 0
0 0 0 0
0 0 0 0
0 0 0 0
0 0 0 0
0 0 0 0
0 0 0 0
0 0 0 0
0 0 0 0
0 0 0 0
0 0 0 0
0 0 0 0
0 0 0 0
0 0 0 0
0 0 0 0
0 0 0 0
0 0 0 0
0 0 0 0
0 0 0 0
0 0 0 0
0 0 0 0
0 0 0 0
0 0 0 0
0 0 0 0
0 0 0 0
0 0 0 0
0 0 0 0
0 0 0 0
0 0 0 0
0 0 0 0
0 0 0 0
0 0 0 0
0 0 0 0
0 0 0 0
0 0 0 0
0 0 0 0
0 0 0 0
0 0 0 0
0 0 0 0
0 0 0 0
0 0 0 0
0 0 0 0
0 0 0 0
0 0 0 0
0 0 0 0
0 0 0 0
0 0 0 0
0 0 0 0
0 0 0 0
0 0 0 0
0 0 0 0
0 0 0 0
0 0 0 0
0 0 0 0
0 0 0 0
0 0 0 0
0 0 0 0
0 0 0 0
0 0 0 0
0 0 0 0
0 0 0 0
0 0 0 0
0 0 0 0
0 0 0 0
0 0 0 0
0 0 0 0
0 0 0 0
0 0 0 0
0 0 0 0
0 0 0 0
0 0 0 0
0 0 0 0
0 0 0 0
0 0 0 0
0 0 0 0
0 0 0 0
0 0 0 0
0 0 0 0
0 0 0 0
0 0 0 0
0 0 0 0
0 0 0 0
0 0 0 0
0 0 0 0
0 0 0 0
0 0 0 0
0 0 0 0
0 0 0 0
0 0 0 0
0 0 0 0
0 0 0 0
0 0 0 0
0 0 0 0
0 0 0 0
0 0 0 0
0 0 0 0
0 0 0 0
0 0 0 0
0 0 0 0
0 0 0 0
0 0 0 0
0 0 0 0
0 0 0 0
0 0 0 0
0 0 0 0
0 0 0 0
0 0 0 0
0 0 0 0
0 0 0 0
0 0 0 0
0 0 0 0
0 0 0 0
0 0 0 0
0 0 0 0
0 0 0 0
0 0 0 0
0 0 0 0
0 0 0 0
0 0 0 0
0 0 0 0
0 0 0 0
0 0 0 0
0 0 0 0
0 0 0 0
0 0 0 0
0 0 0 0
0 0 0 0
0 0 0 0
0 0 0 0
0 0 0 0
0 0 0 0
0 0 0 0
0 0 0 0
0 0 0 0
0 0 0 0
0 0 0 0
0 0 0 0
0 0 0 0
0 0 0 0
0 0 0 0
0 0 0 0
0 0 0 0
0 0 0 0
0 0 0 0
0 0 0 0
0 0 0 0
0 0 0 0
0 0 0 0
0 0 0 0
0 0 0 0
0 0 0 0
0 0 0 0
0 0 0 0
0 0 0 0
0 0 0 0
0 0 0 0
0 0 0 0
0 0 0 0
0 0 0 0
0 0 0 0
0 0 0 0
0 0 0 0
0 0 0 0
0 0 0 0
0 0 0 0
0 0 0 0
0 0 0 0
0 0 0 0
0 0 0 0
0 0 0 0
0 0 0 0
0 0 0 0
0 0 0 0
0 0 0 0
0 0 0 0
0 0 0 0
0 0 0 0
0 0 0 0
0 0 0 0
0 0 0 0
0 0 0 0
0 0 0 0
0 0 0 0
0 0 0 0
0 0 0 0
0 0 0 0
0 0 0 0
0 0 0 0
0 0 0 0
0 0 0 0
0 0 0 0
0 0 0 0
0 0 0 0
0 0 0 0
0 0 0 0
0 0 0 0
0 0 0 0
0 0 0 0
0 0 0 0
0 0 0 0
0 0 0 0
0 0 0 0
0 0 0 0
0 0 0 0
0 0 0 0
0 0 0 0
0 0 0 0
0 0 0 0
0 0 0 0
0 0 0 0
0 0 0 0
0 0 0 0
0 0 0 0
0 0 0 0
0 0 0 0
0 0 0 0
0 0 0 0
0 0 0 0
0 0 0 0
0 0 0 0
0 0 0 0
0 0 0 0
0 0 0 0
0 0 0 0
0 0 0 0
0 0 0 0
0 0 0 0
0 0 0 0
0 0 0 0
0 0 0 0
0 0 0 0
0 0 0 0
0 0 0 0
0 0 0 0
0 0 0 0
0 0 0 0
0 0 0 0
552 31 88 227
549 30 88 227
547 30 88 226
544 30 88 227
540 29 89 230
535 30 89 230
530 31 89 230
527 30 89 230
527 30 89 230
520 30 90 230
520 30 90 230
516 30 90 230
511 30 90 230
506 31 90 230
501 33 90 227
495 34 90 227
492 35 90 227
484 35 90 227
484 34 85 227
480 34 80 227
477 33 78 227
474 33 74 227
473 33 69 227
469 34 68 230
464 34 68 230
457 35 68 230
454 35 68 233
454 35 68 233
450 35 68 232
446 33 68 228
446 33 68 225
440 33 68 225
440 33 68 225
438 33 68 225
437 34 68 219
433 33 68 219
430 33 68 219
426 33 68 219
421 33 68 219
418 33 68 217
413 33 68 217
409 33 68 217
406 32 68 217
406 32 68 217
402 33 68 217
402 35 68 212
402 35 68 212
402 35 68 212
402 35 68 212
402 35 68 212
401 35 68 213
401 35 68 213
401 35 68 213
401 35 68 213
402 33 68 214
402 33 68 214
403 33 68 214
408 32 68 214
409 31 68 214
410 30 68 214
412 30 68 214
413 28 68 214
418 29 68 214
422 30 68 207
422 29 68 208
425 29 68 209
426 27 68 203
429 26 68 203
429 27 68 203
432 26 68 203
434 26 68 203
434 28 68 199
436 28 68 199
437 28 68 199
438 28 68 199
438 28 68 199
440 30 68 198
440 30 68 198
440 30 68 198
443 30 63 198
447 27 58 198
450 26 57 198
448 25 58 198
445 24 62 198
451 24 59 196
451 24 59 196
451 24 57 192
451 24 57 192
452 23 57 188
455 24 57 188
455 24 57 185
457 24 57 186
458 24 57 186
460 24 57 187
460 24 57 182
462 24 57 182
463 24 57 182
465 24 57 182
467 24 60 182
468 22 60 182
469 22 60 182
473 22 60 182
474 22 61 176
476 22 61 176
479 21 61 176
479 19 61 176
481 19 61 176
483 19 61 176
487 19 58 173
496 19 52 172
495 21 54 170
498 20 52 171
499 19 52 171
500 19 52 171
503 19 51 171
503 19 51 171
506 19 51 171
511 19 47 171
513 19 47 171
515 19 46 171
519 19 46 169
519 18 47 169
521 18 46 169
522 17 46 169
525 17 46 169
524 17 47 169
526 17 46 165
528 17 46 164
533 17 46 163
534 17 46 164
537 18 46 162
541 19 46 160
544 17 50 160
546 17 51 161
551 16 51 163
550 17 54 160
553 17 56 160
557 17 56 160
558 17 56 160
562 17 56 160
562 17 56 160
562 14 56 160
565 14 56 160
566 14 57 160
569 13 57 160
569 13 57 160
571 13 57 160
571 14 57 160
571 14 57 160
570 14 57 160
571 14 57 160
572 14 57 160
574 14 57 160
576 14 57 160
576 14 57 160
576 14 57 160
576 14 57 160
576 13 57 160
577 13 57 156
577 13 57 153
581 14 57 150
581 12 57 154
583 12 57 154
583 10 57 154
583 10 57 154
583 9 57 154
587 13 53 153
587 13 53 153
0 0 0 0
0 0 0 0
0 0 0 0
0 0 0 0
0 0 0 0
0 0 0 0
0 0 0 0
0 0 0 0
0 0 0 0
0 0 0 0
0 0 0 0
0 0 0 0
0 0 0 0
0 0 0 0
0 0 0 0
0 0 0 0
0 0 0 0
0 0 0 0
0 0 0 0
0 0 0 0
0 0 0 0
0 0 0 0
0 0 0 0
0 0 0 0
0 0 0 0
0 0 0 0
0 0 0 0
0 0 0 0
0 0 0 0
0 0 0 0
0 0 0 0
0 0 0 0
0 0 0 0
0 0 0 0
0 0 0 0
0 0 0 0
0 0 0 0
0 0 0 0
0 0 0 0
0 0 0 0
0 0 0 0
0 0 0 0
0 0 0 0
0 0 0 0
0 0 0 0
0 0 0 0
0 0 0 0
0 0 0 0
0 0 0 0
0 0 0 0
0 0 0 0
0 0 0 0
0 0 0 0
0 0 0 0
0 0 0 0
0 0 0 0
0 0 0 0
0 0 0 0
0 0 0 0
0 0 0 0
0 0 0 0
0 0 0 0
0 0 0 0
0 0 0 0
0 0 0 0
0 0 0 0
0 0 0 0
0 0 0 0
0 0 0 0
0 0 0 0
0 0 0 0
0 0 0 0
0 0 0 0
0 0 0 0
0 0 0 0
0 0 0 0
0 0 0 0
0 0 0 0
0 0 0 0
0 0 0 0
0 0 0 0
0 0 0 0
0 0 0 0
0 0 0 0
0 0 0 0
0 0 0 0
0 0 0 0
0 0 0 0
0 0 0 0
0 0 0 0
0 0 0 0
0 0 0 0
0 0 0 0
0 0 0 0
0 0 0 0
0 0 0 0
0 0 0 0
0 0 0 0
0 0 0 0
0 0 0 0
0 0 0 0
0 0 0 0
0 0 0 0
0 0 0 0
0 0 0 0
0 0 0 0
0 0 0 0
0 0 0 0
0 0 0 0
0 0 0 0
0 0 0 0
0 0 0 0
0 0 0 0
0 0 0 0
0 0 0 0
0 0 0 0
0 0 0 0
0 0 0 0
0 0 0 0
0 0 0 0
0 0 0 0
0 0 0 0
0 0 0 0
0 0 0 0
0 0 0 0
0 0 0 0
0 0 0 0
0 0 0 0
0 0 0 0
0 0 0 0
0 0 0 0
0 0 0 0
0 0 0 0
0 0 0 0
0 0 0 0
0 0 0 0
0 0 0 0
0 0 0 0
0 0 0 0
0 0 0 0
0 0 0 0
0 0 0 0
0 0 0 0
0 0 0 0
0 0 0 0
0 0 0 0
0 0 0 0
0 0 0 0
0 0 0 0
0 0 0 0
0 0 0 0
0 0 0 0
0 0 0 0
0 0 0 0
0 0 0 0
0 0 0 0
0 0 0 0
0 0 0 0
0 0 0 0
0 0 0 0
0 0 0 0
0 0 0 0
0 0 0 0
0 0 0 0
0 0 0 0
0 0 0 0
0 0 0 0
0 0 0 0
0 0 0 0
0 0 0 0
0 0 0 0
0 0 0 0
0 0 0 0
0 0 0 0
0 0 0 0
0 0 0 0
0 0 0 0
0 0 0 0
0 0 0 0
0 0 0 0
0 0 0 0
0 0 0 0
0 0 0 0
0 0 0 0
0 0 0 0
0 0 0 0
0 0 0 0
0 0 0 0
0 0 0 0
0 0 0 0
0 0 0 0
0 0 0 0
0 0 0 0
0 0 0 0
0 0 0 0
0 0 0 0
0 0 0 0
0 0 0 0
0 0 0 0
0 0 0 0
0 0 0 0
0 0 0 0
0 0 0 0
0 0 0 0
0 0 0 0
0 0 0 0
0 0 0 0
0 0 0 0
0 0 0 0
0 0 0 0
0 0 0 0
0 0 0 0
0 0 0 0
0 0 0 0
0 0 0 0
0 0 0 0
0 0 0 0
0 0 0 0
0 0 0 0
0 0 0 0
0 0 0 0
0 0 0 0
0 0 0 0
0 0 0 0
0 0 0 0
0 0 0 0
0 0 0 0
0 0 0 0
0 0 0 0
0 0 0 0
0 0 0 0
0 0 0 0
0 0 0 0
0 0 0 0
0 0 0 0
0 0 0 0
0 0 0 0
0 0 0 0
0 0 0 0
0 0 0 0
0 0 0 0
0 0 0 0
0 0 0 0
0 0 0 0
0 0 0 0
0 0 0 0
0 0 0 0
0 0 0 0
0 0 0 0
0 0 0 0
0 0 0 0
0 0 0 0
0 0 0 0
0 0 0 0
0 0 0 0
0 0 0 0
0 0 0 0
0 0 0 0
0 0 0 0
0 0 0 0
0 0 0 0
0 0 0 0
0 0 0 0
0 0 0 0
0 0 0 0
0 0 0 0
0 0 0 0
0 0 0 0
0 0 0 0
0 0 0 0
0 0 0 0
0 0 0 0
0 0 0 0
0 0 0 0
0 0 0 0
0 0 0 0
0 0 0 0
0 0 0 0
0 0 0 0
0 0 0 0
0 0 0 0
0 0 0 0
0 0 0 0
0 0 0 0
0 0 0 0
0 0 0 0
0 0 0 0
0 0 0 0
0 0 0 0
0 0 0 0
0 0 0 0
0 0 0 0
0 0 0 0
0 0 0 0
0 0 0 0
0 0 0 0
0 0 0 0
0 0 0 0
0 0 0 0
0 0 0 0
0 0 0 0
0 0 0 0
0 0 0 0
0 0 0 0
0 0 0 0
0 0 0 0
0 0 0 0
0 0 0 0
0 0 0 0
0 0 0 0
0 0 0 0
0 0 0 0
0 0 0 0
0 0 0 0
0 0 0 0
0 0 0 0
0 0 0 0
0 0 0 0
0 0 0 0
0 0 0 0
0 0 0 0
0 0 0 0
0 0 0 0
0 0 0 0
0 0 0 0
0 0 0 0
0 0 0 0
0 0 0 0
0 0 0 0
0 0 0 0
0 0 0 0
0 0 0 0
0 0 0 0
0 0 0 0
0 0 0 0
0 0 0 0
0 0 0 0
0 0 0 0
0 0 0 0
0 0 0 0
0 0 0 0
0 0 0 0
0 0 0 0
0 0 0 0
0 0 0 0
0 0 0 0
0 0 0 0
0 0 0 0
0 0 0 0
0 0 0 0
0 0 0 0
0 0 0 0
0 0 0 0
0 0 0 0
0 0 0 0
0 0 0 0
0 0 0 0
0 0 0 0
0 0 0 0
0 0 0 0
0 0 0 0
0 0 0 0
0 0 0 0
0 0 0 0
0 0 0 0
0 0 0 0
0 0 0 0
0 0 0 0
0 0 0 0
0 0 0 0
0 0 0 0
0 0 0 0
0 0 0 0
0 0 0 0
0 0 0 0
0 0 0 0
0 0 0 0
0 0 0 0
0 0 0 0
0 0 0 0
0 0 0 0
0 0 0 0
0 0 0 0
0 0 0 0
0 0 0 0
0 0 0 0
0 0 0 0
0 0 0 0
0 0 0 0
0 0 0 0
0 0 0 0
0 0 0 0
0 0 0 0
0 0 0 0
0 0 0 0
0 0 0 0
0 0 0 0
0 0 0 0
0 0 0 0
0 0 0 0
0 0 0 0
0 0 0 0
0 0 0 0
0 0 0 0
0 0 0 0
0 0 0 0
0 0 0 0
0 0 0 0
0 0 0 0
0 0 0 0
0 0 0 0
0 0 0 0
0 0 0 0
0 0 0 0
0 0 0 0
0 0 0 0
0 0 0 0
0 0 0 0
0 0 0 0
0 0 0 0
0 0 0 0
0 0 0 0
0 0 0 0
0 0 0 0
0 0 0 0
0 0 0 0
0 0 0 0
0 0 0 0
0 0 0 0
0 0 0 0
0 0 0 0
0 0 0 0
0 0 0 0
0 0 0 0
0 0 0 0
0 0 0 0
0 0 0 0
0 0 0 0
0 0 0 0
0 0 0 0
0 0 0 0
0 0 0 0
0 0 0 0
0 0 0 0
0 0 0 0
0 0 0 0
0 0 0 0
0 0 0 0
0 0 0 0
0 0 0 0
0 0 0 0
0 0 0 0
0 0 0 0
0 0 0 0
0 0 0 0
0 0 0 0
0 0 0 0
0 0 0 0
0 0 0 0
0 0 0 0
0 0 0 0
0 0 0 0
0 0 0 0
0 0 0 0
0 0 0 0
0 0 0 0
0 0 0 0
0 0 0 0
0 0 0 0
0 0 0 0
0 0 0 0
0 0 0 0
0 0 0 0
0 0 0 0
0 0 0 0
0 0 0 0
0 0 0 0
0 0 0 0
0 0 0 0
0 0 0 0
0 0 0 0
0 0 0 0
0 0 0 0
0 0 0 0
0 0 0 0
0 0 0 0
0 0 0 0
0 0 0 0
0 0 0 0
0 0 0 0
0 0 0 0
0 0 0 0
0 0 0 0
0 0 0 0
0 0 0 0
0 0 0 0
0 0 0 0
0 0 0 0
0 0 0 0
0 0 0 0
0 0 0 0
0 0 0 0
0 0 0 0
0 0 0 0
0 0 0 0
0 0 0 0
0 0 0 0
0 0 0 0
0 0 0 0
0 0 0 0
0 0 0 0
0 0 0 0
0 0 0 0
0 0 0 0
0 0 0 0
0 0 0 0
0 0 0 0
0 0 0 0
0 0 0 0
0 0 0 0
0 0 0 0
0 0 0 0
0 0 0 0
0 0 0 0
0 0 0 0
0 0 0 0
0 0 0 0
0 0 0 0
0 0 0 0
0 0 0 0
0 0 0 0
0 0 0 0
0 0 0 0
0 0 0 0
0 0 0 0
0 0 0 0
0 0 0 0
0 0 0 0
0 0 0 0
0 0 0 0
0 0 0 0
0 0 0 0
0 0 0 0
0 0 0 0
0 0 0 0
0 0 0 0
0 0 0 0
0 0 0 0
0 0 0 0
0 0 0 0
0 0 0 0
0 0 0 0
0 0 0 0
0 0 0 0
0 0 0 0
0 0 0 0
0 0 0 0
0 0 0 0
0 0 0 0
0 0 0 0
0 0 0 0
0 0 0 0
0 0 0 0
0 0 0 0
0 0 0 0
0 0 0 0
0 0 0 0
0 0 0 0
0 0 0 0
0 0 0 0
0 0 0 0
0 0 0 0
0 0 0 0
0 0 0 0
0 0 0 0
0 0 0 0
0 0 0 0
0 0 0 0
0 0 0 0
0 0 0 0
0 0 0 0
0 0 0 0
0 0 0 0
0 0 0 0
0 0 0 0
0 0 0 0
0 0 0 0
0 0 0 0
599 7 41 104
599 7 41 104
596 6 41 104
594 6 41 104
594 6 41 104
590 5 41 104
587 4 41 104
587 4 41 104
581 3 41 104
577 3 41 104
572 3 41 104
570 3 41 104
568 3 41 104
565 3 41 104
561 3 41 104
558 3 41 104
555 3 41 104
550 3 41 104
550 3 41 104
550 3 41 104
546 4 41 102
540 5 41 102
537 4 41 102
533 5 41 102
529 5 41 102
528 4 41 102
525 3 41 102
522 3 41 101
518 4 41 100
516 6 41 100
516 6 41 100
517 6 41 100
513 5 40 100
510 5 40 100
506 5 41 100
502 7 41 100
499 6 41 100
496 6 41 100
495 6 41 100
491 8 41 100
490 8 37 100
490 8 37 100
487 8 36 100
484 8 36 100
483 8 36 100
480 8 36 100
477 8 36 100
477 8 36 100
473 7 36 100
470 7 36 100
466 8 36 100
466 8 36 100
462 10 36 100
459 8 36 100
459 8 36 100
458 8 36 100
457 8 36 100
457 8 36 100
454 8 36 100
451 8 36 100
446 9 36 100
444 8 36 100
440 8 36 100
438 8 36 100
438 8 36 100
434 8 36 100
434 8 36 100
431 8 36 100
428 8 36 100
425 8 36 100
421 8 36 100
418 10 36 100
418 8 36 100
418 8 36 100
413 8 36 100
413 8 33 100
411 8 35 100
411 10 33 100
409 11 35 100
408 10 33 100
404 10 36 100
402 9 35 100
400 10 35 100
397 10 36 100
397 11 34 100
397 11 31 100
396 10 30 100
391 10 30 100
391 9 29 100
389 9 28 100
389 10 27 100
386 11 27 100
386 11 26 100
386 11 26 100
380 11 29 100
377 11 30 100
374 12 30 100
374 12 30 100
370 13 30 100
370 13 30 100
366 13 30 100
364 13 30 100
364 11 30 100
360 12 30 100
358 12 30 100
355 12 30 100
355 12 30 100
354 12 30 100
353 12 30 100
350 12 31 103
345 12 34 103
343 12 34 103
343 12 34 103
342 12 34 103
342 12 34 103
339 13 34 103
336 13 34 103
336 13 34 103
332 14 35 103
333 14 31 103
330 14 31 103
330 14 31 103
330 14 30 103
328 14 30 103
328 14 30 103
327 14 30 103
322 14 35 103
320 14 35 103
319 14 35 103
318 14 36 103
317 14 36 103
315 14 36 103
315 14 36 103
313 14 36 103
313 14 36 103
309 15 36 103
309 15 36 103
309 14 36 103
309 14 33 103
309 14 33 103
306 14 34 103
305 15 34 103
304 15 34 103
304 15 34 106
304 14 34 109
304 14 34 109
304 14 34 111
304 14 34 112
304 14 34 112
304 14 36 114
305 14 36 114
304 14 36 116
306 14 38 114
306 14 38 114
305 14 37 114
306 14 37 114
308 15 37 114
309 15 37 114
309 14 36 120
310 14 36 120
312 14 36 120
312 14 36 120
312 14 36 126
312 15 36 126
314 15 36 126
314 15 36 126
315 14 36 126
315 14 36 126
315 14 36 126
315 14 36 126
315 14 36 130
315 14 36 130
315 14 40 128
315 17 40 127
315 17 40 127
315 17 40 127
315 17 40 127
316 18 40 127
316 18 40 127
315 18 41 127
318 18 41 127
318 18 41 127
320 20 41 127
322 19 41 127
322 19 41 127
325 19 41 127
325 18 41 127
327 18 41 127
327 19 41 127
329 19 41 135
331 19 41 134
333 19 41 140
333 19 41 140
336 20 41 141
336 21 41 144
336 21 41 144
336 21 41 144
336 23 41 144
339 23 41 144
338 23 41 145
336 20 41 147
338 19 41 147
339 19 41 147
339 22 41 147
341 22 41 147
341 22 44 147
342 22 44 147
342 23 44 147
342 21 44 147
343 20 44 147
342 22 48 147
347 21 47 147
347 20 46 150
347 23 46 151
347 23 46 154
347 23 46 157
347 23 50 156
352 23 51 156
351 23 52 156
353 24 52 156
353 24 53 155
354 24 54 155
353 24 53 160
359 24 52 158
361 23 52 160
360 23 52 167
364 24 52 167
367 24 52 167
367 24 52 167
369 24 52 172
369 24 52 173
369 25 52 173
368 25 52 173
371 26 52 176
373 27 48 178
375 26 47 177
378 25 46 176
380 24 46 178
379 25 46 178
381 24 46 177
380 27 51 177
382 26 52 177
384 26 52 179
386 25 48 181
386 24 53 181
386 27 52 182
390 26 52 182
390 27 52 186
394 27 52 189
394 26 54 193
397 25 54 193
399 26 57 192
402 25 59 196
412 24 59 196
412 24 59 196
416 25 58 197
422 25 58 197
422 25 58 197
425 27 60 198
425 29 60 205
424 30 66 214
429 30 66 214
433 30 66 214
436 30 66 214
441 30 63 214
446 32 63 214
450 33 63 217
453 32 63 219
457 33 63 219
460 32 63 225
466 30 63 225
469 30 63 225
473 30 63 225
475 30 65 228
471 30 74 228
476 30 74 228
480 30 74 228
484 30 74 228
489 30 74 228
494 30 74 228
498 31 74 224
505 30 74 224
507 33 74 224
516 34 74 224
523 34 74 225
528 34 74 225
535 32 74 225
540 28 74 229
546 28 74 235
551 27 74 237
557 26 74 247
562 26 74 250
566 26 74 250
566 26 74 250
566 25 74 250
566 24 74 250
566 24 74 250
0 0 0 0
0 0 0 0
0 0 0 0
0 0 0 0
0 0 0 0
0 0 0 0
0 0 0 0
0 0 0 0
0 0 0 0
0 0 0 0
0 0 0 0
0 0 0 0
0 0 0 0
0 0 0 0
0 0 0 0
0 0 0 0
0 0 0 0
0 0 0 0
0 0 0 0
0 0 0 0
0 0 0 0
0 0 0 0
0 0 0 0
0 0 0 0
0 0 0 0
0 0 0 0
0 0 0 0
0 0 0 0
0 0 0 0
0 0 0 0
0 0 0 0
0 0 0 0
0 0 0 0
0 0 0 0
0 0 0 0
0 0 0 0
0 0 0 0
0 0 0 0
0 0 0 0
0 0 0 0
0 0 0 0
0 0 0 0
0 0 0 0
0 0 0 0
0 0 0 0
0 0 0 0
0 0 0 0
0 0 0 0
0 0 0 0
0 0 0 0
0 0 0 0
0 0 0 0
0 0 0 0
0 0 0 0
0 0 0 0
0 0 0 0
0 0 0 0
0 0 0 0
0 0 0 0
0 0 0 0
0 0 0 0
0 0 0 0
0 0 0 0
0 0 0 0
0 0 0 0
0 0 0 0
0 0 0 0
0 0 0 0
0 0 0 0
0 0 0 0
0 0 0 0
0 0 0 0
0 0 0 0
0 0 0 0
0 0 0 0
0 0 0 0
0 0 0 0
0 0 0 0
0 0 0 0
0 0 0 0
0 0 0 0
0 0 0 0
0 0 0 0
0 0 0 0
0 0 0 0
0 0 0 0
0 0 0 0
0 0 0 0
0 0 0 0
0 0 0 0
0 0 0 0
0 0 0 0
0 0 0 0
0 0 0 0
0 0 0 0
0 0 0 0
0 0 0 0
0 0 0 0
0 0 0 0
0 0 0 0
0 0 0 0
0 0 0 0
0 0 0 0
0 0 0 0
0 0 0 0
0 0 0 0
0 0 0 0
0 0 0 0
0 0 0 0
0 0 0 0
0 0 0 0
0 0 0 0
0 0 0 0
0 0 0 0
0 0 0 0
0 0 0 0
0 0 0 0
0 0 0 0
0 0 0 0
0 0 0 0
0 0 0 0
0 0 0 0
0 0 0 0
0 0 0 0
0 0 0 0
0 0 0 0
0 0 0 0
0 0 0 0
0 0 0 0
0 0 0 0
0 0 0 0
0 0 0 0
0 0 0 0
0 0 0 0
0 0 0 0
0 0 0 0
0 0 0 0
0 0 0 0
0 0 0 0
0 0 0 0
0 0 0 0
0 0 0 0
0 0 0 0
0 0 0 0
0 0 0 0
0 0 0 0
0 0 0 0
0 0 0 0
0 0 0 0
0 0 0 0
0 0 0 0
0 0 0 0
0 0 0 0
0 0 0 0
0 0 0 0
0 0 0 0
0 0 0 0
0 0 0 0
0 0 0 0
0 0 0 0
0 0 0 0
0 0 0 0
0 0 0 0
0 0 0 0
0 0 0 0
0 0 0 0
0 0 0 0
0 0 0 0
0 0 0 0
0 0 0 0
0 0 0 0
0 0 0 0
0 0 0 0
0 0 0 0
0 0 0 0
0 0 0 0
0 0 0 0
0 0 0 0
0 0 0 0
0 0 0 0
0 0 0 0
0 0 0 0
0 0 0 0
0 0 0 0
0 0 0 0
0 0 0 0
0 0 0 0
0 0 0 0
0 0 0 0
0 0 0 0
0 0 0 0
0 0 0 0
0 0 0 0
0 0 0 0
0 0 0 0
0 0 0 0
0 0 0 0
0 0 0 0
0 0 0 0
0 0 0 0
0 0 0 0
0 0 0 0
0 0 0 0
0 0 0 0
0 0 0 0
0 0 0 0
0 0 0 0
0 0 0 0
0 0 0 0
0 0 0 0
0 0 0 0
0 0 0 0
0 0 0 0
0 0 0 0
0 0 0 0
0 0 0 0
0 0 0 0
0 0 0 0
0 0 0 0
0 0 0 0
0 0 0 0
0 0 0 0
0 0 0 0
0 0 0 0
0 0 0 0
0 0 0 0
0 0 0 0
0 0 0 0
0 0 0 0
0 0 0 0
0 0 0 0
0 0 0 0
0 0 0 0
0 0 0 0
0 0 0 0
0 0 0 0
0 0 0 0
0 0 0 0
0 0 0 0
0 0 0 0
0 0 0 0
0 0 0 0
0 0 0 0
0 0 0 0
0 0 0 0
0 0 0 0
0 0 0 0
0 0 0 0
0 0 0 0
0 0 0 0
0 0 0 0
0 0 0 0
0 0 0 0
0 0 0 0
0 0 0 0
0 0 0 0
0 0 0 0
0 0 0 0
0 0 0 0
0 0 0 0
0 0 0 0
0 0 0 0
0 0 0 0
0 0 0 0
0 0 0 0
0 0 0 0
0 0 0 0
0 0 0 0
0 0 0 0
0 0 0 0
0 0 0 0
0 0 0 0
0 0 0 0
0 0 0 0
0 0 0 0
0 0 0 0
0 0 0 0
0 0 0 0
0 0 0 0
0 0 0 0
0 0 0 0
0 0 0 0
0 0 0 0
0 0 0 0
0 0 0 0
0 0 0 0
0 0 0 0
0 0 0 0
0 0 0 0
0 0 0 0
0 0 0 0
0 0 0 0
0 0 0 0
0 0 0 0
0 0 0 0
0 0 0 0
0 0 0 0
0 0 0 0
0 0 0 0
0 0 0 0
0 0 0 0
0 0 0 0
0 0 0 0
0 0 0 0
0 0 0 0
0 0 0 0
0 0 0 0
0 0 0 0
0 0 0 0
0 0 0 0
0 0 0 0
0 0 0 0
0 0 0 0
0 0 0 0
0 0 0 0
0 0 0 0
0 0 0 0
0 0 0 0
0 0 0 0
0 0 0 0
0 0 0 0
0 0 0 0
0 0 0 0
0 0 0 0
0 0 0 0
0 0 0 0
0 0 0 0
0 0 0 0
0 0 0 0
0 0 0 0
0 0 0 0
0 0 0 0
0 0 0 0
0 0 0 0
0 0 0 0
0 0 0 0
0 0 0 0
0 0 0 0
0 0 0 0
0 0 0 0
0 0 0 0
0 0 0 0
0 0 0 0
0 0 0 0
0 0 0 0
0 0 0 0
0 0 0 0
0 0 0 0
0 0 0 0
0 0 0 0
0 0 0 0
0 0 0 0
0 0 0 0
0 0 0 0
0 0 0 0
0 0 0 0
0 0 0 0
0 0 0 0
0 0 0 0
0 0 0 0
0 0 0 0
0 0 0 0
0 0 0 0
0 0 0 0
0 0 0 0
0 0 0 0
0 0 0 0
0 0 0 0
0 0 0 0
0 0 0 0
0 0 0 0
0 0 0 0
0 0 0 0
0 0 0 0
0 0 0 0
0 0 0 0
0 0 0 0
0 0 0 0
0 0 0 0
0 0 0 0
0 0 0 0
0 0 0 0
0 0 0 0
0 0 0 0
0 0 0 0
0 0 0 0
0 0 0 0
0 0 0 0
0 0 0 0
0 0 0 0
0 0 0 0
0 0 0 0
0 0 0 0
0 0 0 0
0 0 0 0
0 0 0 0
0 0 0 0
0 0 0 0
0 0 0 0
0 0 0 0
0 0 0 0
0 0 0 0
0 0 0 0
0 0 0 0
0 0 0 0
0 0 0 0
0 0 0 0
0 0 0 0
0 0 0 0
0 0 0 0
0 0 0 0
0 0 0 0
0 0 0 0
0 0 0 0
0 0 0 0
0 0 0 0
0 0 0 0
0 0 0 0
0 0 0 0
0 0 0 0
0 0 0 0
0 0 0 0
0 0 0 0
0 0 0 0
0 0 0 0
0 0 0 0
0 0 0 0
0 0 0 0
0 0 0 0
0 0 0 0
0 0 0 0
0 0 0 0
0 0 0 0
0 0 0 0
0 0 0 0
0 0 0 0
0 0 0 0
0 0 0 0
0 0 0 0
0 0 0 0
0 0 0 0
0 0 0 0
0 0 0 0
0 0 0 0
0 0 0 0
0 0 0 0
0 0 0 0
0 0 0 0
0 0 0 0
0 0 0 0
0 0 0 0
0 0 0 0
0 0 0 0
0 0 0 0
0 0 0 0
0 0 0 0
0 0 0 0
0 0 0 0
0 0 0 0
0 0 0 0
0 0 0 0
0 0 0 0
0 0 0 0
0 0 0 0
0 0 0 0
0 0 0 0
0 0 0 0
0 0 0 0
0 0 0 0
0 0 0 0
0 0 0 0
0 0 0 0
0 0 0 0
0 0 0 0
0 0 0 0
0 0 0 0
0 0 0 0
0 0 0 0
0 0 0 0
0 0 0 0
0 0 0 0
0 0 0 0
0 0 0 0
0 0 0 0
0 0 0 0
0 0 0 0
0 0 0 0
0 0 0 0
0 0 0 0
0 0 0 0
0 0 0 0
0 0 0 0
0 0 0 0
0 0 0 0
0 0 0 0
0 0 0 0
0 0 0 0
0 0 0 0
0 0 0 0
0 0 0 0
0 0 0 0
0 0 0 0
0 0 0 0
0 0 0 0
0 0 0 0
0 0 0 0
0 0 0 0
0 0 0 0
0 0 0 0
0 0 0 0
0 0 0 0
0 0 0 0
0 0 0 0
0 0 0 0
0 0 0 0
0 0 0 0
0 0 0 0
0 0 0 0
0 0 0 0
0 0 0 0
0 0 0 0
0 0 0 0
0 0 0 0
0 0 0 0
0 0 0 0
0 0 0 0
0 0 0 0
0 0 0 0
0 0 0 0
0 0 0 0
0 0 0 0
0 0 0 0
0 0 0 0
0 0 0 0
0 0 0 0
0 0 0 0
0 0 0 0
591 11 49 135
588 10 49 135
583 9 49 135
583 9 49 135
580 9 47 134
578 10 47 133
575 9 46 133
572 8 46 134
568 8 46 134
566 8 46 134
561 8 46 134
561 8 46 134
556 9 46 133
554 9 46 133
548 8 48 136
545 9 48 137
545 9 48 137
540 10 51 138
540 10 51 138
534 12 51 138
534 12 51 138
533 12 51 138
530 12 52 138
528 12 52 138
527 14 52 138
523 14 52 135
521 13 52 134
520 13 52 134
520 13 52 134
520 13 52 133
516 13 52 133
511 14 52 133
511 14 52 134
506 14 52 133
503 14 52 138
502 14 52 136
498 15 52 136
498 15 52 136
493 14 52 136
490 13 52 136
490 13 52 140
483 13 52 140
483 13 52 140
479 14 52 139
476 14 55 143
476 14 52 143
479 14 52 146
478 15 52 146
469 16 56 145
469 16 56 145
468 14 56 149
468 15 56 149
468 14 56 151
468 15 56 150
468 15 56 150
468 14 56 151
464 14 56 150
463 16 56 149
459 16 63 150
455 15 63 150
457 16 63 149
456 17 63 149
456 17 63 149
456 19 63 149
454 20 63 149
453 19 63 154
453 19 63 154
451 19 63 161
451 19 63 160
451 19 63 160
451 19 63 160
451 19 63 160
451 19 63 162
451 19 63 163
451 19 63 163
451 19 63 163
452 19 63 168
451 19 63 171
452 21 63 171
455 22 63 171
457 22 63 171
459 23 63 171
458 23 63 178
463 26 63 179
468 24 63 181
477 24 63 182
478 24 63 182
482 24 63 182
488 24 63 182
488 24 63 182
491 24 63 182
492 24 63 187
495 24 63 193
497 24 63 200
499 24 63 200
499 26 63 200
506 28 63 200
506 28 63 206
511 30 63 206
513 30 63 209
517 30 63 209
516 30 68 209
519 30 68 209
520 30 68 209
518 30 74 209
526 30 71 209
526 30 74 209
526 30 77 209
528 30 81 217
528 30 80 221
528 30 91 220
533 34 90 219
542 34 90 226
549 36 90 226
549 37 90 225
549 36 90 230
550 35 90 230
550 35 90 230
562 36 78 230
0 0 0 0
0 0 0 0
0 0 0 0
0 0 0 0
0 0 0 0
0 0 0 0
0 0 0 0
0 0 0 0
0 0 0 0
0 0 0 0
0 0 0 0
0 0 0 0
0 0 0 0
0 0 0 0
0 0 0 0
0 0 0 0
0 0 0 0
0 0 0 0
0 0 0 0
0 0 0 0
0 0 0 0
0 0 0 0
0 0 0 0
0 0 0 0
0 0 0 0
0 0 0 0
0 0 0 0
0 0 0 0
0 0 0 0
0 0 0 0
0 0 0 0
0 0 0 0
0 0 0 0
0 0 0 0
0 0 0 0
0 0 0 0
0 0 0 0
0 0 0 0
0 0 0 0
0 0 0 0
0 0 0 0
0 0 0 0
0 0 0 0
0 0 0 0
0 0 0 0
0 0 0 0
0 0 0 0
0 0 0 0
0 0 0 0
0 0 0 0
0 0 0 0
0 0 0 0
0 0 0 0
0 0 0 0
0 0 0 0
0 0 0 0
0 0 0 0
0 0 0 0
0 0 0 0
0 0 0 0
0 0 0 0
0 0 0 0
0 0 0 0
0 0 0 0
0 0 0 0
0 0 0 0
0 0 0 0
0 0 0 0
0 0 0 0
0 0 0 0
0 0 0 0
0 0 0 0
0 0 0 0
0 0 0 0
0 0 0 0
0 0 0 0
0 0 0 0
0 0 0 0
0 0 0 0
0 0 0 0
0 0 0 0
0 0 0 0
0 0 0 0
0 0 0 0
0 0 0 0
0 0 0 0
0 0 0 0
0 0 0 0
0 0 0 0
0 0 0 0
0 0 0 0
0 0 0 0
0 0 0 0
0 0 0 0
0 0 0 0
0 0 0 0
0 0 0 0
0 0 0 0
0 0 0 0
0 0 0 0
0 0 0 0
0 0 0 0
0 0 0 0
0 0 0 0
0 0 0 0
0 0 0 0
0 0 0 0
0 0 0 0
0 0 0 0
0 0 0 0
0 0 0 0
0 0 0 0
0 0 0 0
0 0 0 0
0 0 0 0
0 0 0 0
0 0 0 0
0 0 0 0
0 0 0 0
0 0 0 0
0 0 0 0
0 0 0 0
0 0 0 0
0 0 0 0
0 0 0 0
0 0 0 0
0 0 0 0
0 0 0 0
0 0 0 0
0 0 0 0
0 0 0 0
0 0 0 0
0 0 0 0
0 0 0 0
0 0 0 0
0 0 0 0
0 0 0 0
0 0 0 0
0 0 0 0
0 0 0 0
0 0 0 0
0 0 0 0
0 0 0 0
0 0 0 0
0 0 0 0
0 0 0 0
0 0 0 0
0 0 0 0
0 0 0 0
0 0 0 0
0 0 0 0
0 0 0 0
0 0 0 0
0 0 0 0
0 0 0 0
0 0 0 0
0 0 0 0
0 0 0 0
0 0 0 0
0 0 0 0
0 0 0 0
0 0 0 0
0 0 0 0
0 0 0 0
0 0 0 0
0 0 0 0
0 0 0 0
0 0 0 0
0 0 0 0
0 0 0 0
0 0 0 0
0 0 0 0
0 0 0 0
0 0 0 0
0 0 0 0
0 0 0 0
0 0 0 0
0 0 0 0
0 0 0 0
0 0 0 0
0 0 0 0
0 0 0 0
0 0 0 0
0 0 0 0
0 0 0 0
0 0 0 0
0 0 0 0
0 0 0 0
0 0 0 0
0 0 0 0
0 0 0 0
0 0 0 0
0 0 0 0
0 0 0 0
0 0 0 0
0 0 0 0
0 0 0 0
0 0 0 0
0 0 0 0
0 0 0 0
0 0 0 0
0 0 0 0
0 0 0 0
0 0 0 0
0 0 0 0
0 0 0 0
0 0 0 0
0 0 0 0
0 0 0 0
0 0 0 0
0 0 0 0
0 0 0 0
0 0 0 0
0 0 0 0
0 0 0 0
0 0 0 0
0 0 0 0
0 0 0 0
0 0 0 0
0 0 0 0
0 0 0 0
0 0 0 0
0 0 0 0
0 0 0 0
0 0 0 0
0 0 0 0
0 0 0 0
0 0 0 0
0 0 0 0
0 0 0 0
0 0 0 0
0 0 0 0
0 0 0 0
0 0 0 0
0 0 0 0
0 0 0 0
0 0 0 0
0 0 0 0
0 0 0 0
0 0 0 0
0 0 0 0
0 0 0 0
0 0 0 0
0 0 0 0
0 0 0 0
0 0 0 0
0 0 0 0
0 0 0 0
0 0 0 0
0 0 0 0
0 0 0 0
0 0 0 0
0 0 0 0
0 0 0 0
0 0 0 0
0 0 0 0
0 0 0 0
0 0 0 0
0 0 0 0
0 0 0 0
0 0 0 0
0 0 0 0
0 0 0 0
0 0 0 0
0 0 0 0
0 0 0 0
0 0 0 0
0 0 0 0
0 0 0 0
0 0 0 0
0 0 0 0
0 0 0 0
0 0 0 0
0 0 0 0
0 0 0 0
0 0 0 0
0 0 0 0
0 0 0 0
0 0 0 0
0 0 0 0
0 0 0 0
0 0 0 0
0 0 0 0
0 0 0 0
0 0 0 0
0 0 0 0
0 0 0 0
0 0 0 0
0 0 0 0
0 0 0 0
0 0 0 0
0 0 0 0
0 0 0 0
0 0 0 0
0 0 0 0
0 0 0 0
0 0 0 0
0 0 0 0
0 0 0 0
0 0 0 0
0 0 0 0
0 0 0 0
0 0 0 0
0 0 0 0
599 8 41 126
599 8 41 126
599 8 41 126
599 7 40 127
595 7 43 127
591 7 43 127
589 7 43 127
589 7 43 127
586 7 42 127
583 7 42 127
580 7 41 127
575 8 46 127
572 8 46 127
568 8 46 127
565 8 46 127
565 8 46 127
561 6 46 127
557 6 46 127
555 6 46 127
553 6 46 127
553 6 46 127
552 6 46 127
547 8 46 127
545 8 46 127
545 8 46 127
544 8 46 127
539 8 46 127
539 8 46 127
539 9 46 127
534 8 46 127
532 8 46 127
529 8 46 127
526 8 46 127
522 8 46 127
519 8 46 127
516 8 46 127
516 8 46 127
513 8 46 126
511 8 46 127
508 9 46 127
508 9 46 127
505 8 46 127
505 10 46 122
502 11 46 122
502 11 46 122
501 11 46 122
496 13 46 122
494 13 46 122
491 13 46 122
488 13 46 122
488 13 46 122
484 14 46 122
482 14 46 122
482 14 46 122
479 11 46 124
479 11 46 124
478 10 46 123
476 11 46 123
476 11 46 123
474 12 46 122
474 12 46 122
470 14 46 122
468 14 46 122
467 14 46 122
462 15 46 122
462 15 46 122
462 14 46 122
458 14 46 122
452 14 46 122
452 13 46 122
451 13 46 127
447 13 46 127
445 13 46 127
445 13 46 127
440 14 46 127
440 14 46 127
440 14 46 127
440 13 46 127
437 13 46 130
435 13 46 131
435 13 46 130
429 13 45 133
429 13 45 133
427 15 46 133
427 15 46 133
424 14 46 133
424 14 46 133
423 14 46 133
421 14 46 133
419 14 46 133
419 14 46 133
418 14 46 133
415 14 46 133
415 14 46 133
414 14 46 133
413 14 46 133
408 14 46 133
410 17 46 133
410 17 46 133
409 17 46 133
404 19 46 133
403 16 46 133
400 16 46 133
399 17 46 133
399 17 46 133
398 17 46 133
393 17 46 133
394 18 46 133
391 18 46 133
388 19 46 133
386 19 46 138
393 19 36 138
393 19 36 138
391 19 34 138
391 19 34 138
391 19 34 138
386 19 36 138
386 19 36 138
386 19 36 138
383 20 36 138
378 19 42 138
378 19 42 138
378 19 41 138
378 19 41 138
375 19 41 138
375 19 41 138
375 19 44 138
375 19 44 138
375 19 44 138
375 19 44 139
375 19 44 139
375 19 44 142
375 19 45 142
375 19 45 142
375 19 45 142
375 19 45 142
375 19 48 142
379 19 47 142
381 19 47 142
385 19 46 142
386 19 46 142
391 19 46 142
393 18 46 142
395 18 46 143
396 18 46 144
396 18 46 144
396 18 51 144
398 18 52 144
398 18 52 144
402 18 52 144
402 18 52 144
405 18 52 144
408 18 52 144
410 18 52 144
410 18 52 144
409 18 52 144
413 18 52 144
414 18 52 144
417 18 52 144
420 18 52 144
421 18 52 144
421 18 52 144
423 18 52 144
427 18 52 144
429 19 52 144
431 19 52 144
434 19 52 144
434 19 52 144
435 19 52 144
443 19 46 147
444 19 46 147
447 19 46 147
451 19 46 147
452 19 46 147
458 20 46 147
457 19 48 147
462 19 47 147
464 19 47 147
468 19 46 147
469 19 49 147
472 19 49 147
477 19 49 147
479 19 49 147
483 19 50 147
483 19 50 147
485 18 50 147
487 18 50 147
490 18 50 147
492 18 50 147
495 19 50 147
499 19 51 147
501 19 52 147
501 19 52 147
507 19 52 147
510 19 52 147
512 19 52 147
519 18 52 147
519 18 52 147
522 18 52 147
527 18 52 147
531 18 52 147
533 18 52 147
533 18 52 147
539 18 52 150
541 18 52 152
540 18 52 154
545 17 52 154
550 17 52 157
552 17 52 157
553 17 52 156
553 17 58 155
553 17 58 155
560 17 57 154
560 17 57 154
568 17 57 154
571 17 57 154
571 17 57 154
578 17 57 154
578 17 57 154
577 17 57 154
583 18 57 154
583 18 57 154
583 18 57 154
583 19 57 154
583 19 57 154
0 0 0 0
0 0 0 0
0 0 0 0
0 0 0 0
0 0 0 0
0 0 0 0
0 0 0 0
0 0 0 0
0 0 0 0
0 0 0 0
0 0 0 0
0 0 0 0
0 0 0 0
0 0 0 0
0 0 0 0
0 0 0 0
0 0 0 0
0 0 0 0
0 0 0 0
0 0 0 0
0 0 0 0
0 0 0 0
0 0 0 0
0 0 0 0
0 0 0 0
0 0 0 0
0 0 0 0
0 0 0 0
0 0 0 0
0 0 0 0
0 0 0 0
0 0 0 0
0 0 0 0
0 0 0 0
0 0 0 0
0 0 0 0
0 0 0 0
0 0 0 0
0 0 0 0
0 0 0 0
0 0 0 0
0 0 0 0
0 0 0 0
0 0 0 0
0 0 0 0
0 0 0 0
0 0 0 0
0 0 0 0
0 0 0 0
0 0 0 0
0 0 0 0
0 0 0 0
0 0 0 0
0 0 0 0
0 0 0 0
0 0 0 0
0 0 0 0
0 0 0 0
0 0 0 0
0 0 0 0
0 0 0 0
0 0 0 0
0 0 0 0
0 0 0 0
0 0 0 0
0 0 0 0
0 0 0 0
0 0 0 0
0 0 0 0
0 0 0 0
0 0 0 0
0 0 0 0
0 0 0 0
0 0 0 0
0 0 0 0
0 0 0 0
0 0 0 0
0 0 0 0
0 0 0 0
0 0 0 0
0 0 0 0
0 0 0 0
0 0 0 0
0 0 0 0
0 0 0 0
0 0 0 0
0 0 0 0
0 0 0 0
0 0 0 0
0 0 0 0
0 0 0 0
0 0 0 0
0 0 0 0
0 0 0 0
0 0 0 0
0 0 0 0
0 0 0 0
0 0 0 0
0 0 0 0
0 0 0 0
0 0 0 0
0 0 0 0
0 0 0 0
0 0 0 0
0 0 0 0
0 0 0 0
0 0 0 0
0 0 0 0
0 0 0 0
0 0 0 0
0 0 0 0
0 0 0 0
0 0 0 0
0 0 0 0
0 0 0 0
0 0 0 0
0 0 0 0
0 0 0 0
0 0 0 0
0 0 0 0
0 0 0 0
0 0 0 0
0 0 0 0
0 0 0 0
0 0 0 0
0 0 0 0
0 0 0 0
0 0 0 0
0 0 0 0
0 0 0 0
0 0 0 0
0 0 0 0
0 0 0 0
0 0 0 0
0 0 0 0
0 0 0 0
0 0 0 0
0 0 0 0
0 0 0 0
0 0 0 0
0 0 0 0
0 0 0 0
0 0 0 0
0 0 0 0
0 0 0 0
0 0 0 0
0 0 0 0
0 0 0 0
0 0 0 0
0 0 0 0
0 0 0 0
0 0 0 0
0 0 0 0
0 0 0 0
0 0 0 0
0 0 0 0
0 0 0 0
0 0 0 0
0 0 0 0
0 0 0 0
0 0 0 0
0 0 0 0
0 0 0 0
0 0 0 0
0 0 0 0
0 0 0 0
0 0 0 0
0 0 0 0
0 0 0 0
0 0 0 0
0 0 0 0
0 0 0 0
0 0 0 0
0 0 0 0
0 0 0 0
0 0 0 0
0 0 0 0
0 0 0 0
0 0 0 0
0 0 0 0
0 0 0 0
0 0 0 0
0 0 0 0
0 0 0 0
0 0 0 0
0 0 0 0
0 0 0 0
0 0 0 0
0 0 0 0
0 0 0 0
0 0 0 0
0 0 0 0
0 0 0 0
0 0 0 0
0 0 0 0
0 0 0 0
0 0 0 0
0 0 0 0
0 0 0 0
0 0 0 0
0 0 0 0
0 0 0 0
0 0 0 0
0 0 0 0
0 0 0 0
0 0 0 0
0 0 0 0
0 0 0 0
0 0 0 0
0 0 0 0
0 0 0 0
0 0 0 0
0 0 0 0
0 0 0 0
0 0 0 0
0 0 0 0
0 0 0 0
0 0 0 0
0 0 0 0
0 0 0 0
0 0 0 0
0 0 0 0
0 0 0 0
0 0 0 0
0 0 0 0
0 0 0 0
0 0 0 0
0 0 0 0
0 0 0 0
0 0 0 0
0 0 0 0
0 0 0 0
0 0 0 0
0 0 0 0
0 0 0 0
0 0 0 0
0 0 0 0
0 0 0 0
0 0 0 0
0 0 0 0
0 0 0 0
0 0 0 0
0 0 0 0
0 0 0 0
0 0 0 0
0 0 0 0
0 0 0 0
0 0 0 0
0 0 0 0
0 0 0 0
0 0 0 0
0 0 0 0
0 0 0 0
0 0 0 0
0 0 0 0
0 0 0 0
0 0 0 0
0 0 0 0
0 0 0 0
0 0 0 0
0 0 0 0
0 0 0 0
0 0 0 0
0 0 0 0
0 0 0 0
0 0 0 0
0 0 0 0
0 0 0 0
0 0 0 0
0 0 0 0
0 0 0 0
0 0 0 0
0 0 0 0
0 0 0 0
0 0 0 0
0 0 0 0
0 0 0 0
0 0 0 0
0 0 0 0
0 0 0 0
0 0 0 0
0 0 0 0
0 0 0 0
0 0 0 0
0 0 0 0
0 0 0 0
0 0 0 0
0 0 0 0
0 0 0 0
0 0 0 0
0 0 0 0
0 0 0 0
0 0 0 0
0 0 0 0
0 0 0 0
0 0 0 0
0 0 0 0
0 0 0 0
0 0 0 0
0 0 0 0
0 0 0 0
0 0 0 0
0 0 0 0
0 0 0 0
0 0 0 0
597 15 43 133
597 15 43 133
593 11 46 138
591 11 46 138
587 11 50 138
582 11 50 138
582 11 50 138
577 11 51 134
572 12 52 134
567 12 52 134
565 12 52 134
565 12 52 134
561 13 52 133
561 13 52 135
559 13 52 135
551 13 52 135
549 13 52 135
547 13 52 135
543 13 52 134
541 13 52 134
539 13 52 134
537 14 52 134
533 14 52 133
531 14 52 133
528 14 52 133
525 14 52 133
522 14 52 133
517 14 52 133
513 14 52 133
510 14 52 133
506 14 52 133
504 14 52 133
501 14 52 133
496 14 52 129
494 14 52 128
491 14 52 133
488 15 52 131
484 14 52 131
484 14 52 131
480 16 52 131
479 16 52 129
473 15 52 129
470 18 52 127
468 17 52 128
465 17 52 128
462 19 52 128
457 19 52 124
460 19 46 123
458 19 46 122
455 19 46 122
451 19 46 122
451 19 46 122
447 19 46 122
446 19 46 126
441 19 46 126
440 19 46 126
437 18 46 126
434 18 46 127
430 17 46 127
430 17 46 127
424 17 46 127
423 17 46 127
419 15 46 127
416 14 46 127
416 14 46 127
413 14 46 127
